-1
-1
-1
-1
-1
666
666
666
666
666
666
666
666
666
666
666
666
666
666
666
666
666
666
666
666
671
671
671
671
671
671
671
671
671
671
671
671
671
671
671
671
671
671
734
734
734
734
734
734
734
734
734
734
256
256
256
256
256
256
256
256
256
717
717
717
717
717
717
717
717
717
717
717
717
717
663
663
663
663
663
663
663
663
663
663
663
663
663
663
663
663
663
663
663
663
663
663
663
663
663
663
663
663
663
663
663
663
663
663
663
620
620
620
620
620
743
743
743
743
743
743
743
743
743
743
743
743
743
743
743
743
743
743
743
637
637
637
637
637
637
637
637
637
637
637
637
637
637
637
637
637
637
637
637
637
637
637
637
637
637
637
637
637
637
637
637
637
531
531
531
531
531
531
531
531
531
531
531
531
531
531
531
531
531
531
268
268
268
268
268
268
-1
-1
-1
-1
-1
-1
-1
-1
-1
-1
-1
-1
505
505
505
505
505
505
505
505
737
737
737
737
737
737
737
737
737
737
595
595
595
595
595
595
595
595
361
361
361
361
361
361
361
361
-1
-1
-1
-1
-1
-1
-1
-1
-1
-1
-1
-1
-1
-1
-1
-1
73
73
73
73
73
73
73
73
73
73
35
35
35
35
35
35
35
35
35
35
-1
-1
524
524
524
524
524
524
524
524
567
567
567
567
567
567
567
358
358
358
358
358
358
341
341
341
341
341
341
341
341
341
563
563
563
563
563
563
563
563
563
563
563
563
563
208
208
208
208
208
208
208
208
208
208
596
596
596
596
596
596
596
596
596
596
596
596
596
596
596
628
628
628
628
628
628
628
628
628
628
628
628
479
479
479
479
479
479
479
479
479
479
479
479
479
479
479
479
479
39
39
39
39
39
326
326
326
326
326
326
326
326
50
50
50
50
50
50
50
-1
-1
-1
-1
-1
-1
-1
-1
-1
-1
-1
26
26
26
26
26
-1
-1
-1
-1
-1
-1
-1
-1
739
739
739
-1
739
739
457
457
457
457
457
-1
-1
-1
-1
-1
-1
-1
-1
-1
15
15
15
15
15
15
15
20
20
20
20
20
20
-1
-1
-1
-1
-1
-1
-1
-1
-1
-1
-1
-1
310
310
310
310
310
310
310
310
310
-1
-1
-1
-1
49
49
49
49
49
49
34
34
34
34
34
34
34
-1
-1
751
751
751
751
751
751
751
751
751
751
751
751
751
751
729
729
729
729
729
729
729
729
633
633
633
633
633
633
633
732
732
732
732
732
732
732
732
732
732
732
732
732
732
732
732
732
732
732
732
732
732
349
349
349
349
349
349
349
349
349
371
371
371
371
371
371
622
622
622
622
622
622
622
-1
-1
-1
-1
86
86
86
86
86
86
86
86
86
86
88
88
88
88
88
88
88
88
88
-1
-1
-1
-1
-1
-1
-1
-1
-1
-1
-1
-1
-1
-1
-1
-1
-1
-1
-1
-1
-1
-1
-1
-1
-1
-1
-1
-1
-1
-1
-1
-1
-1
-1
-1
-1
-1
-1
-1
-1
-1
-1
-1
-1
-1
-1
-1
-1
-1
19
19
19
19
19
19
19
19
19
19
19
19
19
19
19
93
93
93
93
93
93
93
93
93
93
93
93
93
80
80
80
80
80
80
80
80
80
80
80
80
-1
-1
-1
130
130
130
130
130
130
-1
-1
-1
519
519
519
519
519
519
519
-1
519
519
519
519
519
519
519
-1
-1
-1
161
161
161
161
161
-1
-1
-1
-1
516
516
516
516
516
516
-1
749
749
749
749
749
749
749
749
749
749
749
749
749
749
749
749
749
749
749
749
749
749
749
749
749
-1
-1
-1
658
658
658
658
658
658
658
658
658
658
658
658
658
658
658
658
658
658
658
658
658
658
728
728
728
728
728
728
-1
-1
-1
-1
757
757
757
757
757
733
733
733
733
733
733
733
733
736
736
736
736
736
736
736
736
736
736
736
-1
-1
-1
-1
-1
-1
-1
-1
-1
-1
-1
-1
-1
697
697
697
697
697
697
697
697
697
697
697
697
697
697
697
697
697
697
697
697
697
669
669
669
669
669
669
669
669
669
669
-1
-1
752
-1
-1
-1
-1
752
752
752
752
752
752
752
