724
724
724
724
-1
666
666
666
666
666
666
666
666
666
666
666
666
666
666
735
735
735
735
735
735
735
735
735
735
671
671
671
671
671
671
671
671
671
671
671
671
734
734
734
734
734
734
734
734
256
256
256
256
256
256
256
256
256
256
256
256
256
256
256
717
717
717
717
717
717
717
717
717
717
717
663
663
663
663
663
663
663
663
663
663
663
663
663
663
663
663
663
663
663
663
663
663
663
663
663
663
663
663
663
663
663
663
663
663
620
620
620
620
620
620
743
743
743
743
743
743
743
743
743
743
743
743
743
743
743
743
743
743
743
637
637
637
637
637
637
637
637
637
637
637
637
637
637
637
637
637
637
637
637
637
637
637
637
637
637
637
637
637
637
637
637
637
531
531
531
531
531
531
531
531
531
531
531
531
531
531
531
531
531
531
531
-1
-1
-1
-1
-1
-1
-1
-1
-1
-1
-1
-1
-1
-1
-1
-1
-1
-1
505
505
505
505
505
505
505
505
737
737
737
737
737
737
737
737
595
595
595
595
595
595
595
595
595
361
361
361
361
361
361
361
361
-1
-1
-1
747
747
747
747
747
619
619
619
619
619
484
484
484
484
484
73
73
73
73
73
73
73
35
35
35
35
35
35
35
35
35
35
-1
-1
524
524
524
524
524
524
524
524
567
567
567
567
567
567
567
341
341
341
341
341
341
341
341
341
341
341
563
563
563
563
563
563
563
563
563
208
208
208
208
208
208
208
208
208
208
208
208
208
208
208
208
208
208
596
596
596
596
596
596
596
596
596
596
596
596
596
596
596
628
628
628
628
628
628
628
628
628
628
628
628
479
479
479
479
479
479
479
479
479
479
479
479
479
479
479
479
479
39
39
39
39
39
326
326
326
326
326
326
326
326
50
50
50
50
50
50
50
50
-1
-1
-1
-1
-1
-1
-1
-1
26
-1
-1
26
26
26
26
26
-1
-1
-1
-1
183
183
183
183
183
183
-1
-1
183
-1
-1
457
457
457
457
457
457
-1
-1
-1
-1
-1
-1
-1
-1
-1
-1
-1
-1
15
15
15
15
15
15
15
20
20
20
20
20
20
-1
-1
-1
-1
-1
-1
-1
-1
-1
-1
-1
-1
310
310
310
310
310
310
310
486
486
486
486
486
486
49
49
49
49
49
49
34
34
34
34
34
34
34
-1
-1
-1
-1
-1
72
72
72
72
72
72
72
72
72
72
72
72
729
729
729
729
729
729
751
751
751
751
751
751
751
751
751
751
751
732
732
732
732
732
732
732
732
732
732
732
732
732
732
732
732
732
732
732
732
732
732
349
349
349
349
349
371
371
371
371
371
371
371
371
622
622
622
622
622
622
622
-1
-1
-1
-1
86
86
86
86
86
86
86
86
86
86
-1
88
88
88
88
88
88
88
88
-1
-1
-1
-1
-1
-1
-1
-1
-1
-1
-1
-1
-1
-1
-1
-1
-1
-1
-1
-1
-1
-1
-1
-1
-1
-1
-1
-1
-1
-1
-1
-1
-1
-1
-1
-1
-1
-1
-1
-1
-1
-1
-1
-1
-1
-1
-1
19
19
19
19
19
19
19
19
19
19
19
19
19
19
19
19
93
93
93
93
93
93
93
93
93
93
93
93
93
80
80
80
80
80
80
80
80
80
80
80
80
-1
-1
-1
130
130
130
130
130
-1
-1
-1
519
519
519
519
519
519
519
-1
519
519
519
519
519
519
519
-1
-1
-1
161
161
161
161
161
161
161
-1
-1
-1
516
516
516
516
516
516
-1
-1
-1
-1
121
121
121
121
121
579
579
579
579
579
579
579
579
579
579
749
749
749
749
749
749
749
749
749
749
749
749
749
749
749
749
749
749
749
749
658
658
658
658
658
658
658
658
658
658
658
658
658
728
728
728
728
728
728
728
-1
-1
733
733
733
733
733
703
703
703
703
703
703
703
736
736
736
736
736
736
736
736
727
727
727
727
727
-1
-1
-1
-1
-1
-1
-1
-1
-1
-1
-1
-1
697
697
697
697
697
697
697
697
697
697
697
697
697
697
697
697
697
697
697
697
697
697
669
669
669
669
669
669
669
669
669
669
669
669
669
669
-1
-1
724
724
724
724
724
724
724
724
