256
256
256
256
256
256
256
256
256
51
51
51
51
51
51
51
51
51
51
51
51
51
51
51
51
135
135
135
135
135
135
135
135
135
57
57
57
57
57
57
57
57
57
57
57
40
40
40
40
40
40
40
40
40
40
40
40
216
216
216
216
216
216
216
216
103
103
103
103
103
103
103
103
103
103
103
89
89
89
89
89
89
89
89
89
89
89
6
6
6
6
6
6
6
6
6
6
6
6
6
6
6
6
6
6
6
6
268
268
268
268
268
268
268
268
268
268
268
268
268
268
268
268
268
198
198
198
198
198
198
198
198
198
198
198
198
198
198
198
198
198
198
198
198
198
198
198
198
198
-1
-1
-1
-1
-1
-1
-1
-1
-1
-1
-1
-1
-1
-1
-1
64
64
64
64
64
67
67
67
67
67
67
67
67
67
67
67
55
55
55
55
55
55
55
55
55
55
137
137
137
137
137
137
137
137
-1
-1
-1
302
302
302
302
302
-1
-1
-1
-1
272
272
272
272
272
73
73
73
73
73
73
73
35
35
35
35
35
35
35
35
35
35
-1
-1
131
131
131
131
131
131
250
250
250
250
250
250
250
250
250
298
298
298
298
298
298
239
239
239
239
239
239
239
239
239
273
273
273
273
273
273
273
273
273
273
273
273
273
208
208
208
208
208
208
208
208
208
208
7
7
7
7
7
7
7
7
7
7
7
7
7
7
7
17
17
17
17
17
17
17
17
17
17
269
269
269
269
269
269
269
129
129
129
129
129
129
129
129
129
129
129
39
39
39
39
39
50
50
50
50
50
50
50
50
106
106
106
106
106
106
106
-1
-1
-1
-1
-1
-1
-1
-1
-1
-1
-1
-1
26
26
26
26
26
-1
-1
-1
-1
-1
-1
-1
-1
183
183
183
183
183
-1
183
18
18
18
18
18
18
-1
-1
-1
-1
-1
-1
-1
-1
-1
-1
15
15
15
15
15
15
15
20
20
20
20
20
20
-1
-1
-1
-1
-1
-1
-1
-1
-1
-1
-1
207
207
207
207
207
310
310
310
310
310
140
140
140
140
140
49
49
49
49
49
34
34
34
34
34
34
34
-1
-1
-1
-1
-1
72
72
72
72
72
72
72
72
72
72
72
97
97
97
97
97
97
97
97
97
253
253
253
253
253
69
69
69
69
69
69
69
309
309
309
309
309
309
21
21
21
21
21
21
21
107
107
107
107
107
107
107
107
244
244
244
244
244
92
92
92
92
92
-1
-1
-1
-1
109
109
109
109
109
109
-1
-1
-1
-1
221
221
221
221
221
221
88
88
88
88
88
88
88
88
88
88
88
88
88
88
-1
86
86
86
86
86
86
86
86
86
86
86
86
86
-1
-1
-1
-1
-1
-1
-1
-1
-1
-1
-1
-1
-1
-1
-1
-1
-1
-1
-1
-1
-1
-1
-1
-1
-1
-1
-1
-1
19
19
19
19
19
19
19
19
19
19
19
19
213
213
213
213
213
213
213
213
80
80
80
80
80
80
80
80
80
80
80
80
93
93
93
93
93
93
93
93
93
-1
-1
-1
130
130
130
130
130
130
-1
-1
-1
-1
-1
-1
-1
-1
-1
-1
251
251
251
251
251
251
251
251
251
251
251
-1
-1
-1
-1
-1
-1
-1
-1
281
281
281
281
281
281
-1
-1
-1
-1
108
108
108
108
108
108
121
121
121
121
121
121
218
218
218
218
218
218
218
218
98
98
98
98
98
98
-1
-1
-1
-1
101
101
101
101
101
101
101
101
101
101
101
101
101
101
-1
-1
-1
-1
-1
-1
-1
-1
-1
-1
-1
-1
-1
-1
42
42
42
42
42
42
-1
-1
