753
753
753
753
-1
666
666
666
666
666
666
666
666
666
666
735
735
735
735
735
735
735
735
735
735
735
735
735
735
735
671
671
671
671
671
671
671
671
671
671
734
734
734
734
734
734
734
734
734
734
734
734
734
734
256
256
256
256
256
256
256
256
256
256
717
717
717
717
717
717
717
717
717
717
717
717
717
717
717
717
717
818
818
818
818
818
818
818
818
818
818
818
818
818
818
818
821
821
821
821
821
821
821
821
821
821
821
821
821
821
821
821
821
821
821
743
743
743
743
743
743
743
743
743
743
743
743
743
777
777
777
777
777
777
777
777
777
777
777
777
777
777
777
777
777
777
777
777
777
663
663
663
663
663
663
663
663
663
663
663
663
663
663
-1
-1
-1
-1
-1
505
505
505
505
505
505
595
595
595
595
595
595
595
595
595
595
595
618
618
618
618
618
618
618
618
618
361
361
361
361
361
361
361
361
-1
-1
-1
794
794
794
794
794
619
619
619
619
619
619
619
73
73
73
73
73
73
73
73
73
73
35
35
35
35
35
35
35
35
35
35
-1
-1
567
567
567
567
567
567
567
567
567
567
358
358
358
358
358
358
358
358
819
819
819
819
819
819
819
819
819
819
819
819
819
819
563
563
563
563
563
563
563
563
563
563
208
208
208
208
208
208
208
208
208
208
208
791
791
791
791
791
791
791
791
791
791
791
791
791
791
791
479
479
479
479
479
479
479
479
479
479
479
479
628
628
628
628
628
628
628
628
628
628
628
628
628
628
628
628
628
-1
-1
-1
-1
50
50
50
50
50
50
50
50
50
50
50
50
50
50
50
-1
-1
-1
-1
-1
-1
-1
-1
26
-1
-1
26
26
26
26
26
-1
-1
-1
-1
183
183
183
183
183
183
183
183
-1
-1
457
457
457
457
457
457
-1
-1
-1
-1
732
732
732
732
732
-1
-1
-1
-1
15
15
15
15
15
15
15
20
20
20
20
20
20
-1
-1
-1
-1
-1
-1
-1
-1
-1
-1
-1
88
88
88
88
88
88
88
88
88
669
669
669
669
669
669
669
669
669
669
669
669
669
669
669
669
669
669
669
669
669
669
669
751
751
751
751
751
751
751
751
751
751
751
751
751
751
751
751
751
751
751
751
751
751
573
573
573
573
573
573
573
573
573
573
573
573
573
788
788
788
788
788
788
788
788
788
788
-1
-1
-1
-1
-1
-1
-1
-1
-1
-1
-1
-1
-1
-1
-1
-1
-1
-1
-1
-1
-1
-1
-1
-1
-1
-1
-1
-1
-1
-1
-1
-1
-1
-1
-1
-1
-1
-1
-1
-1
-1
-1
-1
-1
-1
-1
-1
-1
-1
-1
-1
-1
19
19
19
19
19
19
19
19
19
19
19
19
19
19
19
19
817
817
817
817
817
817
817
817
817
817
93
93
93
93
93
93
93
93
93
93
93
93
93
93
93
-1
-1
-1
519
519
519
519
519
519
519
519
519
-1
-1
-1
-1
-1
-1
-1
-1
-1
-1
793
793
793
-1
-1
793
793
793
793
793
813
813
813
813
813
813
813
813
813
813
813
-1
-1
-1
-1
-1
736
736
736
736
736
736
736
736
736
736
736
736
736
736
736
736
736
809
809
809
809
809
809
809
809
803
803
803
803
803
803
803
803
-1
-1
-1
-1
-1
776
776
776
776
776
776
776
776
776
776
776
776
776
776
776
776
765
765
765
765
765
765
765
765
765
765
674
674
674
674
674
674
674
811
811
811
811
811
811
811
-1
-1
-1
-1
-1
-1
-1
-1
-1
-1
-1
-1
-1
-1
-1
-1
-1
-1
-1
-1
-1
-1
-1
-1
-1
-1
-1
-1
-1
-1
-1
-1
-1
-1
-1
815
815
815
815
815
-1
-1
-1
-1
-1
-1
-1
753
-1
-1
-1
-1
753
753
753
753
753
753
753
