256
256
256
256
256
256
256
256
256
256
256
256
256
256
256
256
51
51
51
51
51
51
51
51
51
135
135
135
135
135
135
135
135
135
135
135
135
57
57
57
57
57
57
57
40
40
40
40
40
40
40
40
40
40
216
216
216
216
216
216
216
216
216
216
216
216
103
103
103
103
103
103
103
103
103
103
89
89
89
89
89
89
89
89
89
89
89
89
89
89
89
89
89
89
6
6
6
6
6
6
6
6
6
6
6
6
6
6
6
6
6
6
6
6
6
6
6
6
268
268
268
268
268
268
268
268
268
268
268
268
268
268
268
268
268
268
268
268
268
268
268
268
268
268
268
268
268
-1
-1
-1
-1
-1
-1
-1
-1
-1
-1
-1
-1
-1
-1
-1
-1
-1
-1
64
64
64
64
64
64
64
64
64
64
64
67
67
67
67
67
67
67
67
55
55
55
55
55
137
137
137
137
137
137
137
137
137
-1
-1
-1
263
263
263
263
263
-1
-1
-1
-1
-1
-1
-1
73
73
73
73
73
73
73
73
73
35
35
35
35
35
35
35
35
35
35
-1
-1
239
239
239
239
239
131
131
131
131
131
131
131
131
131
250
250
250
250
250
250
250
250
8
8
8
8
8
8
8
8
8
8
8
8
273
273
273
273
273
273
208
208
208
208
208
208
208
208
208
208
208
208
208
7
7
7
7
7
7
7
7
7
7
7
252
252
252
252
252
252
252
252
252
17
17
17
17
17
17
17
17
17
17
17
17
17
17
17
129
129
129
129
129
129
129
129
39
39
39
39
39
39
106
106
106
106
106
106
106
106
106
106
106
106
106
106
106
-1
-1
-1
-1
-1
-1
-1
-1
-1
-1
-1
26
26
26
26
26
26
-1
-1
-1
-1
196
196
196
196
196
196
196
-1
-1
18
18
-1
18
18
18
18
18
-1
-1
-1
-1
-1
-1
-1
-1
-1
-1
-1
-1
-1
15
15
15
15
15
15
15
20
20
20
20
20
20
20
-1
-1
-1
-1
-1
-1
-1
-1
-1
-1
-1
207
207
207
207
207
207
207
207
140
140
140
140
140
49
49
49
49
49
49
34
34
34
34
34
34
34
-1
-1
-1
-1
-1
72
72
72
72
72
72
72
72
72
72
72
72
97
97
97
97
97
97
97
97
253
253
253
253
253
253
253
253
253
69
69
69
69
69
69
69
21
21
21
21
21
21
21
21
21
107
107
107
107
107
107
107
107
107
107
107
107
92
92
92
92
92
92
92
92
92
109
109
109
109
109
109
0
0
0
0
0
221
221
221
221
221
221
88
88
88
88
88
88
88
88
88
88
88
88
88
88
-1
86
86
86
86
86
86
86
86
86
86
86
86
-1
-1
-1
-1
-1
-1
-1
-1
-1
-1
-1
-1
-1
-1
-1
-1
-1
-1
-1
-1
-1
-1
-1
-1
-1
-1
-1
-1
-1
-1
-1
-1
19
19
19
19
19
19
19
19
19
19
19
19
19
19
19
19
19
-1
-1
-1
80
80
80
80
80
80
80
80
80
80
80
80
80
93
93
93
93
93
93
93
93
-1
-1
-1
130
130
130
130
130
130
-1
-1
-1
-1
-1
-1
-1
-1
-1
-1
-1
251
251
251
251
251
251
251
251
251
251
251
161
161
161
161
161
182
182
182
182
182
-1
-1
-1
-1
-1
-1
-1
-1
108
108
108
108
108
108
121
121
121
121
121
121
218
218
218
218
218
218
218
218
98
98
98
98
98
98
98
134
134
134
134
134
134
101
101
101
101
101
101
101
101
101
101
101
101
101
101
101
101
101
-1
-1
-1
-1
-1
-1
-1
-1
-1
-1
-1
-1
-1
-1
-1
-1
-1
-1
-1
-1
