753
753
753
-1
-1
666
666
666
666
666
666
666
666
666
666
666
666
666
735
735
735
735
735
735
735
735
735
735
735
735
735
735
735
735
735
735
843
843
843
843
843
843
843
843
843
843
843
734
734
734
734
734
734
734
734
734
734
734
734
734
734
839
839
839
839
839
839
839
839
839
839
839
839
839
839
919
919
919
919
919
919
919
919
919
796
796
796
796
796
796
796
796
796
796
796
821
821
821
821
821
821
821
821
821
821
821
821
821
821
821
821
821
821
821
821
743
743
743
743
743
743
743
743
743
743
743
743
777
777
777
777
777
777
777
777
777
777
777
777
777
777
777
777
777
777
777
777
777
777
777
889
889
889
889
889
889
889
889
889
889
889
889
889
889
889
889
889
889
889
889
889
889
531
531
531
531
531
531
531
531
531
531
531
531
531
531
531
531
-1
-1
-1
-1
-1
-1
-1
-1
-1
-1
-1
-1
-1
-1
864
864
864
864
864
864
864
864
864
595
595
595
595
595
595
595
595
595
595
595
595
868
868
868
868
868
868
868
868
868
868
868
868
868
-1
-1
-1
-1
-1
-1
-1
794
794
794
794
794
794
794
794
794
73
73
73
73
73
73
73
73
73
35
35
35
35
35
35
35
35
35
35
-1
-1
899
899
899
899
899
899
899
899
899
774
774
774
774
774
774
774
893
893
893
893
893
893
893
893
893
893
910
910
910
910
910
910
910
910
910
910
915
915
915
915
915
915
915
915
915
915
915
915
915
915
915
915
915
791
791
791
791
791
791
791
791
791
791
791
914
914
914
914
914
914
914
914
914
914
914
914
914
914
914
914
914
914
914
914
928
928
928
928
928
928
928
928
928
928
928
928
928
930
930
930
930
930
326
326
326
326
326
326
326
326
326
326
326
326
326
326
778
778
778
778
778
778
778
778
778
778
778
778
778
778
778
778
778
778
778
778
-1
-1
-1
-1
778
778
778
778
778
778
637
637
637
637
637
637
637
637
637
637
637
637
637
637
925
925
925
925
925
925
925
925
925
-1
15
15
15
15
15
15
15
-1
-1
-1
895
895
895
895
895
895
895
895
895
895
895
895
895
852
852
852
852
852
852
852
852
852
920
920
920
920
920
920
920
875
875
875
875
875
875
-1
-1
898
898
898
898
898
898
898
898
898
916
916
916
916
916
916
916
916
916
916
927
927
927
927
927
927
927
927
927
927
927
573
573
573
573
573
573
929
929
929
929
929
929
929
929
929
929
653
653
653
653
653
653
653
653
653
764
764
764
764
764
764
764
764
764
764
764
764
764
764
764
903
903
903
903
903
903
903
903
622
622
622
622
622
622
622
622
622
827
827
827
827
827
827
932
932
932
932
932
932
932
725
725
725
725
725
-1
-1
-1
-1
-1
-1
-1
-1
-1
-1
-1
-1
-1
-1
-1
-1
-1
-1
-1
-1
-1
-1
-1
-1
-1
-1
-1
-1
-1
-1
-1
-1
-1
-1
-1
-1
-1
-1
-1
-1
-1
-1
-1
-1
-1
-1
-1
-1
19
19
19
19
19
19
19
19
19
19
19
19
19
19
19
19
19
805
805
805
805
805
805
805
805
805
805
805
805
805
805
805
805
93
93
93
93
93
93
93
93
-1
-1
-1
849
849
849
849
849
849
-1
-1
-1
-1
-1
-1
-1
-1
-1
-1
-1
-1
-1
161
161
161
-1
-1
161
161
161
161
161
161
-1
-1
-1
-1
863
863
863
863
863
-1
-1
-1
-1
810
810
810
810
810
810
835
835
835
835
835
835
789
789
789
789
789
789
803
803
803
803
803
803
803
803
803
803
-1
-1
-1
800
-1
800
800
800
800
800
-1
-1
-1
-1
785
785
785
785
785
-1
-1
765
765
765
765
765
765
765
765
765
765
765
765
765
727
727
727
727
727
727
727
727
727
727
727
727
-1
-1
-1
-1
-1
-1
-1
-1
-1
-1
-1
-1
-1
-1
-1
-1
-1
-1
-1
-1
-1
-1
-1
-1
-1
-1
-1
-1
-1
-1
-1
-1
-1
-1
-1
-1
-1
-1
-1
-1
-1
-1
-1
-1
-1
-1
-1
753
-1
-1
-1
753
753
753
753
753
753
753
753
