1022
1022
1022
-1
-1
666
666
666
666
666
666
666
666
666
666
1096
1096
1096
1096
1096
1096
1096
1096
1096
1096
1096
1096
1096
1096
1096
1096
1096
1141
1141
1141
1141
1141
1141
1141
1141
1141
1141
1141
1141
1141
1141
1141
1141
1141
1141
1141
1141
987
987
987
987
987
987
987
987
987
735
735
735
735
735
735
735
735
735
735
735
735
735
735
839
839
839
839
839
839
839
839
839
839
839
839
839
839
839
839
821
821
821
821
821
821
821
821
821
821
821
821
796
796
796
796
796
796
796
796
796
796
796
796
777
777
777
777
777
777
777
777
777
777
777
777
777
777
777
777
777
777
777
777
777
777
777
777
777
777
777
889
889
889
889
889
889
889
889
889
889
889
889
889
889
889
889
889
889
889
889
889
889
889
889
889
889
1030
1030
1030
1030
1030
1030
1030
1030
1030
1030
1030
1030
1030
1030
1030
1030
1030
1030
1098
1098
1098
1098
1098
1098
1098
-1
-1
-1
-1
-1
-1
-1
-1
-1
-1
595
595
595
595
595
595
595
595
1135
1135
1135
1135
1135
1135
1135
1135
1135
1135
1135
1135
864
864
864
864
864
864
864
864
864
864
864
864
864
864
-1
-1
-1
-1
-1
-1
-1
-1
1074
1074
1074
1074
1074
1074
1074
794
794
794
794
794
794
794
794
794
794
794
794
35
35
35
35
35
35
35
35
35
35
-1
-1
915
915
915
915
915
915
915
1119
1119
1119
1119
1119
1119
1119
1119
1119
1119
1013
1013
1013
1013
1013
1013
1013
1013
1013
1013
1013
1013
1013
910
910
910
910
910
910
910
910
910
910
910
910
1123
1123
1123
1123
1123
1123
1123
1123
1123
1123
1123
791
791
791
791
791
791
791
791
791
791
791
791
791
791
791
791
791
791
1110
1110
1110
1110
1110
1110
1110
1110
1110
1110
1065
1065
1065
1065
1065
1065
1065
1065
1065
1065
1065
1065
1065
1065
1065
930
930
930
930
930
930
326
326
326
326
326
326
326
326
326
326
326
326
326
326
326
-1
-1
-1
-1
-1
-1
-1
954
-1
-1
954
954
954
954
954
954
-1
-1
-1
-1
944
944
944
944
944
944
944
-1
-1
1057
1057
-1
1057
1057
1057
1057
1057
-1
-1
-1
-1
-1
-1
-1
-1
1075
1075
1075
1075
1075
994
994
994
994
994
994
994
972
972
972
972
972
972
972
-1
-1
-1
979
979
979
979
979
979
34
34
34
34
34
34
34
34
34
34
1107
1107
1107
1107
1107
875
875
875
875
875
875
486
486
486
486
486
486
486
486
486
-1
-1
-1
927
927
927
927
927
927
927
927
927
927
927
927
927
927
927
927
927
927
927
1095
1095
1095
1095
1095
1095
1095
1095
1095
1095
1095
1095
1095
1095
1095
1095
929
929
929
929
929
929
929
929
929
929
1078
1078
1078
1078
1078
1078
1078
1078
1078
1078
1078
1078
1078
1078
1063
1063
1063
1063
1063
1063
1139
1139
1139
1139
1139
1139
1139
622
622
622
622
622
943
943
943
943
943
1053
1053
1053
1053
1053
1053
1053
-1
-1
-1
-1
-1
-1
-1
-1
-1
-1
-1
-1
-1
-1
-1
-1
-1
-1
-1
668
668
668
668
668
-1
-1
-1
-1
-1
-1
-1
-1
-1
-1
-1
-1
-1
-1
-1
-1
-1
-1
-1
-1
-1
-1
-1
-1
-1
-1
-1
-1
19
19
19
19
19
19
19
19
19
19
19
19
19
19
19
19
1102
1102
1102
1102
1102
1102
1102
1102
1102
1102
1102
1102
805
805
805
805
805
805
805
805
805
805
805
805
805
-1
-1
-1
849
849
849
849
849
849
-1
-1
-1
849
-1
822
822
-1
-1
-1
-1
-1
161
161
822
822
822
161
161
161
161
161
161
-1
-1
-1
-1
863
863
863
863
863
863
-1
-1
-1
-1
986
986
986
986
986
986
810
810
810
810
810
810
789
789
789
789
789
789
789
789
789
803
803
803
803
803
803
803
-1
-1
-1
-1
-1
1086
1086
1086
1086
1086
1086
1086
1086
-1
785
785
785
785
785
-1
-1
811
811
811
811
811
811
811
811
811
811
811
811
811
811
1106
1106
1106
1106
1106
1106
1106
1106
1106
1106
1106
-1
-1
-1
-1
-1
-1
-1
-1
-1
-1
-1
-1
-1
-1
-1
-1
-1
-1
-1
-1
-1
-1
-1
-1
-1
-1
-1
-1
-1
-1
-1
-1
-1
-1
-1
-1
-1
-1
-1
-1
-1
-1
-1
-1
-1
-1
-1
1022
-1
-1
-1
1022
1022
1022
1022
1022
1022
1022
1022
