753
753
753
753
-1
666
666
666
666
666
666
666
666
666
666
666
666
666
666
666
671
671
671
671
671
671
671
671
671
671
671
671
671
671
671
734
734
734
734
734
734
734
734
734
734
256
256
256
256
256
256
256
256
256
256
256
256
256
256
256
256
717
717
717
717
717
717
717
717
717
717
717
717
717
717
717
839
839
839
839
839
839
839
796
796
796
796
796
796
796
796
796
796
796
818
818
818
818
818
818
818
818
818
821
821
821
821
821
821
821
821
821
821
821
821
743
743
743
743
743
743
743
743
743
743
743
743
743
743
743
743
743
743
743
743
743
777
777
777
777
777
777
777
777
777
777
777
777
777
777
777
777
777
777
777
777
777
777
777
777
777
777
777
531
531
531
531
531
531
531
531
531
531
531
531
531
531
531
531
531
531
531
531
531
531
531
-1
-1
-1
-1
-1
-1
-1
-1
-1
-1
-1
-1
-1
-1
-1
-1
-1
-1
595
595
595
595
595
595
595
595
864
864
864
864
864
864
864
864
864
864
879
879
879
879
879
879
879
868
868
868
868
868
868
868
868
-1
-1
-1
-1
-1
-1
-1
-1
-1
-1
-1
484
484
484
484
484
484
73
73
73
73
73
73
73
35
35
35
35
35
35
35
35
35
35
-1
-1
637
637
637
637
637
637
637
637
637
637
637
637
637
637
637
637
637
637
637
637
637
637
637
637
637
637
637
637
637
637
819
819
819
819
819
819
819
563
563
563
563
563
563
563
563
563
563
563
563
778
778
778
778
778
778
778
778
778
778
778
778
778
778
778
778
778
778
778
778
778
778
778
778
778
778
778
778
778
778
778
778
778
778
778
778
831
831
831
831
831
831
831
831
831
831
831
831
39
39
39
39
39
326
326
326
326
326
326
326
326
326
326
326
326
326
326
326
-1
-1
-1
-1
-1
-1
-1
-1
-1
-1
-1
-1
-1
-1
-1
-1
-1
-1
-1
-1
-1
669
669
669
669
669
669
669
669
669
669
669
669
669
669
669
669
669
669
669
-1
885
885
-1
-1
-1
885
885
885
885
885
885
-1
-1
-1
-1
-1
-1
-1
-1
-1
-1
-1
-1
-1
-1
751
751
751
751
751
751
751
751
751
751
751
751
751
751
833
833
833
833
833
833
833
833
833
833
833
833
833
833
833
833
833
833
833
833
833
833
833
833
833
833
833
833
-1
729
729
729
729
729
729
729
729
729
729
729
729
72
72
72
72
72
72
72
72
573
573
573
573
573
573
573
573
768
768
768
768
768
768
768
653
653
653
653
653
653
653
653
653
653
744
744
744
744
744
744
744
371
371
371
371
371
371
371
371
441
441
441
441
441
622
622
622
622
622
622
622
798
798
798
798
798
798
817
817
817
817
817
817
817
817
817
827
827
827
827
827
-1
-1
-1
840
840
840
840
840
840
840
840
840
840
840
-1
-1
-1
-1
-1
-1
-1
-1
-1
-1
-1
-1
-1
-1
-1
-1
-1
-1
-1
-1
-1
-1
-1
766
766
766
766
766
766
766
766
766
766
766
766
766
766
766
766
766
788
788
788
788
788
788
788
788
788
788
788
788
788
-1
-1
805
805
805
805
805
805
805
805
805
805
805
93
93
93
93
93
93
93
93
93
93
93
-1
-1
-1
849
849
849
849
849
849
-1
-1
-1
-1
-1
-1
-1
-1
-1
-1
-1
-1
-1
-1
-1
-1
-1
-1
161
161
161
161
161
161
161
848
848
848
848
848
516
516
516
516
516
-1
-1
-1
-1
810
810
810
810
810
810
835
835
835
835
835
835
809
809
809
809
809
809
789
789
789
789
789
789
789
789
789
789
789
-1
-1
-1
-1
-1
728
728
728
728
728
728
728
-1
785
785
785
785
785
-1
785
765
765
765
765
765
846
846
846
846
846
846
846
846
846
674
674
674
674
674
674
674
674
674
674
674
-1
-1
-1
-1
-1
-1
-1
-1
-1
-1
-1
-1
-1
-1
-1
-1
-1
-1
-1
-1
-1
-1
-1
-1
-1
-1
-1
-1
-1
-1
-1
-1
-1
-1
-1
-1
-1
-1
-1
-1
-1
-1
-1
-1
-1
-1
-1
-1
-1
-1
-1
-1
753
753
753
753
753
753
753
