-1
-1
-1
-1
-1
666
666
666
666
666
666
666
666
666
666
666
735
735
735
735
735
735
735
735
735
735
735
735
671
671
671
671
671
671
671
671
671
671
734
734
734
734
734
734
734
734
734
734
734
734
734
734
734
256
256
256
256
256
256
256
256
256
256
256
717
717
717
717
717
717
717
717
717
717
717
717
717
717
717
717
717
663
663
663
663
663
663
663
663
663
663
663
663
663
663
663
663
663
663
663
663
663
663
663
663
663
663
663
663
663
663
663
663
663
663
663
743
743
743
743
743
743
743
743
743
743
743
743
743
743
743
743
743
743
743
743
743
743
743
743
743
743
637
637
637
637
637
637
637
637
637
637
637
637
637
637
637
637
637
637
637
637
637
637
637
637
637
637
637
637
637
637
637
637
531
531
531
531
531
531
531
531
531
531
531
268
268
268
268
268
268
-1
-1
-1
-1
-1
-1
-1
-1
-1
-1
-1
-1
505
505
505
505
505
505
505
505
505
505
505
737
737
737
737
737
737
737
737
737
737
618
618
618
618
618
361
361
361
361
361
361
361
361
-1
-1
-1
-1
-1
-1
-1
-1
619
619
619
619
619
484
484
484
484
484
484
73
73
73
73
73
73
73
35
35
35
35
35
35
35
35
35
35
-1
-1
524
524
524
524
524
524
567
567
567
567
567
567
567
567
567
567
358
358
358
358
358
358
358
341
341
341
341
341
341
341
341
341
341
563
563
563
563
563
563
563
563
563
563
208
208
208
208
208
208
208
208
208
208
596
596
596
596
596
596
596
596
596
596
596
596
596
596
596
741
741
741
741
741
741
741
741
741
741
741
741
628
628
628
628
628
628
628
628
628
628
628
628
628
628
628
628
628
-1
-1
-1
-1
326
326
326
326
326
326
326
326
326
326
326
326
326
326
326
-1
-1
-1
-1
-1
-1
-1
-1
-1
-1
26
26
26
26
26
-1
-1
-1
-1
183
183
183
183
183
183
183
183
-1
183
457
457
457
457
457
457
-1
-1
-1
-1
-1
-1
-1
-1
-1
-1
-1
-1
-1
-1
-1
-1
751
751
751
751
751
751
751
751
751
-1
-1
-1
-1
-1
-1
770
770
770
770
770
770
770
770
417
417
417
417
417
486
486
486
486
486
486
486
49
49
49
49
49
34
34
34
34
34
34
34
-1
-1
-1
-1
-1
-1
72
72
72
72
72
72
72
72
72
72
72
729
729
729
729
729
729
729
729
573
573
573
573
573
573
573
573
573
707
707
707
707
707
707
707
707
707
707
653
653
653
653
653
653
349
349
349
349
349
349
349
349
349
349
349
86
86
86
86
86
86
86
86
86
86
86
86
744
744
744
744
744
-1
-1
-1
-1
-1
-1
-1
-1
-1
-1
-1
638
638
638
638
638
-1
-1
-1
-1
764
764
764
764
764
-1
-1
-1
-1
-1
-1
-1
-1
-1
-1
-1
-1
-1
-1
-1
-1
-1
-1
-1
-1
-1
-1
-1
-1
-1
-1
-1
-1
-1
-1
-1
-1
-1
-1
-1
-1
-1
-1
-1
-1
-1
-1
19
19
19
19
19
19
19
19
19
19
19
19
19
19
19
19
19
19
658
658
658
658
658
658
658
658
658
658
658
658
658
658
658
658
658
658
658
658
658
658
658
658
658
658
658
658
658
658
-1
749
749
749
749
749
749
749
749
749
749
749
749
749
749
749
749
749
749
749
749
749
749
749
749
749
-1
-1
-1
-1
-1
-1
-1
-1
516
516
516
516
516
516
-1
-1
-1
-1
121
121
121
121
121
121
108
108
108
108
108
669
669
669
669
669
669
669
669
669
669
669
669
669
669
669
669
669
669
669
669
669
669
669
669
669
669
669
669
669
-1
-1
-1
-1
-1
-1
-1
-1
-1
-1
745
745
745
745
745
-1
745
757
757
757
757
757
757
757
765
765
765
765
765
765
765
765
765
765
736
736
736
736
736
736
736
736
736
736
736
-1
697
697
697
697
697
697
697
697
697
697
697
697
697
697
697
697
697
697
697
697
697
697
776
776
776
776
776
776
-1
-1
-1
-1
-1
-1
-1
-1
-1
-1
-1
-1
-1
-1
753
-1
-1
-1
-1
753
753
753
753
753
753
753
