-1
-1
-1
-1
-1
666
666
666
666
666
666
666
666
666
666
735
735
735
735
735
735
735
735
735
735
735
735
671
671
671
671
671
671
671
671
671
671
734
734
734
734
734
734
734
734
734
734
734
734
734
734
734
256
256
256
256
256
256
256
256
256
717
717
717
717
717
717
717
717
717
717
717
717
717
717
717
717
717
796
796
796
796
796
796
796
796
796
796
796
796
796
796
818
818
818
818
818
818
818
818
818
818
818
821
821
821
821
821
821
821
821
821
821
821
821
743
743
743
743
743
743
743
743
743
743
743
743
743
743
743
743
743
743
777
777
777
777
777
777
777
777
777
777
777
777
777
777
777
777
777
777
777
777
777
777
778
778
778
778
778
778
778
778
778
778
778
778
778
778
778
778
778
778
618
618
618
618
618
618
618
618
618
618
-1
-1
-1
-1
-1
-1
-1
794
794
794
794
794
619
619
619
619
619
619
-1
-1
-1
-1
73
73
73
73
73
73
73
35
35
35
35
35
35
35
35
35
35
-1
-1
567
567
567
567
567
567
567
567
567
567
358
358
358
358
358
358
358
819
819
819
819
819
819
819
819
819
819
819
819
563
563
563
563
563
563
563
563
563
563
563
563
563
563
563
208
208
208
208
208
208
208
208
208
791
791
791
791
791
791
791
791
791
791
791
791
791
791
479
479
479
479
479
479
479
479
479
831
831
831
831
831
831
831
831
831
831
628
628
628
628
628
628
628
628
628
628
39
39
39
39
39
39
50
50
50
50
50
50
50
50
50
50
50
50
50
50
50
-1
-1
-1
-1
-1
-1
-1
-1
-1
-1
-1
26
26
26
26
26
26
-1
-1
-1
-1
183
183
183
183
183
183
183
-1
457
457
457
-1
457
457
457
457
457
-1
-1
-1
-1
770
770
770
770
770
825
825
825
825
825
825
15
15
15
15
15
15
15
20
20
20
20
20
88
88
88
88
88
88
-1
-1
-1
669
669
669
669
669
669
669
669
669
669
669
669
669
669
669
669
669
834
834
834
834
834
834
834
834
834
834
834
834
834
834
834
834
834
834
834
834
834
833
834
834
834
834
833
833
833
833
833
833
833
833
833
833
833
833
833
833
833
833
833
833
833
833
833
833
833
833
833
833
833
833
833
833
833
833
833
833
833
833
833
744
744
744
744
744
744
744
744
744
744
744
744
744
371
371
371
371
371
622
622
622
622
622
764
764
764
764
764
798
798
798
798
798
-1
-1
-1
-1
-1
-1
-1
828
828
828
828
828
828
828
828
827
827
827
827
827
-1
-1
-1
-1
-1
-1
-1
-1
-1
-1
-1
-1
-1
-1
-1
-1
-1
-1
-1
-1
-1
-1
-1
-1
-1
-1
-1
-1
-1
-1
-1
-1
-1
-1
-1
-1
-1
-1
-1
-1
-1
-1
-1
-1
-1
-1
19
19
19
19
19
19
19
19
19
19
19
19
19
817
817
817
817
817
817
817
817
817
93
93
93
817
817
817
817
817
817
817
817
817
93
93
93
93
93
93
93
-1
-1
-1
130
130
130
130
130
130
-1
736
736
736
736
736
736
736
736
736
736
736
736
736
736
736
736
736
736
736
736
736
736
736
736
736
813
813
813
813
813
813
813
813
813
813
813
813
-1
-1
-1
-1
766
766
766
766
766
766
766
766
766
766
766
-1
-1
809
809
809
809
809
809
809
789
789
789
789
789
789
789
789
776
776
776
776
776
776
776
776
776
776
776
776
776
745
745
-1
745
745
745
-1
-1
-1
-1
765
765
765
765
765
765
765
765
674
674
674
674
674
674
681
681
681
681
681
811
811
681
681
811
811
811
-1
-1
-1
-1
-1
-1
-1
-1
-1
-1
-1
-1
-1
-1
-1
-1
-1
-1
-1
-1
-1
-1
-1
-1
-1
-1
-1
-1
-1
-1
-1
-1
-1
-1
-1
-1
-1
-1
-1
-1
-1
-1
-1
-1
-1
753
-1
-1
-1
-1
753
753
753
753
753
753
753
