256
256
256
256
256
256
256
256
256
256
256
256
427
427
427
427
427
427
427
427
427
427
427
427
427
427
57
57
57
57
57
57
57
57
57
57
57
57
57
57
57
440
440
440
440
440
440
440
440
365
365
365
365
365
365
365
365
365
365
365
365
412
412
412
412
412
412
412
412
412
412
412
412
412
412
412
412
6
6
6
6
6
6
6
6
6
6
6
6
6
6
6
6
389
389
389
389
389
389
389
389
389
389
389
389
268
268
268
268
268
268
268
268
268
268
268
268
268
268
268
268
268
268
268
367
367
367
367
367
367
367
367
367
367
367
367
367
367
367
367
367
367
367
367
367
367
367
367
367
367
429
429
429
429
429
-1
-1
-1
-1
-1
-1
-1
-1
-1
-1
-1
243
243
243
243
243
243
243
243
353
353
353
353
353
353
353
67
67
67
67
67
67
67
67
67
67
137
137
137
137
137
137
137
137
-1
-1
-1
-1
-1
-1
-1
-1
-1
-1
377
377
377
377
377
413
413
413
413
413
73
73
73
73
73
73
73
35
35
35
35
35
35
35
35
35
35
-1
-1
358
358
358
358
358
358
131
131
131
131
131
239
239
239
239
239
239
239
341
341
341
341
341
341
341
341
341
341
341
341
326
326
326
326
326
326
326
326
326
326
326
326
326
208
208
208
208
208
208
208
208
208
208
375
375
375
375
375
375
375
375
375
375
375
375
375
375
375
7
7
7
7
7
7
7
7
7
7
7
7
7
7
7
7
414
414
414
414
414
414
414
414
414
414
414
414
39
39
39
39
39
50
50
50
50
50
50
50
50
106
106
106
106
106
106
106
-1
-1
-1
-1
-1
-1
-1
-1
-1
-1
-1
-1
26
26
26
26
26
26
-1
-1
-1
-1
-1
-1
-1
372
372
372
372
372
-1
372
18
18
18
18
18
-1
-1
-1
-1
-1
-1
-1
-1
-1
-1
-1
-1
-1
15
15
15
15
15
15
15
20
20
20
20
20
20
-1
-1
-1
-1
-1
-1
-1
-1
-1
-1
-1
-1
310
310
310
310
310
310
310
310
140
140
140
140
140
49
49
49
49
49
49
34
34
34
34
34
34
34
-1
-1
-1
-1
-1
-1
72
72
72
72
72
72
72
72
72
72
97
97
97
97
97
97
97
97
352
352
352
352
352
352
352
352
352
352
69
69
69
69
69
69
69
69
69
69
441
441
441
441
441
441
395
395
395
395
395
395
395
395
395
395
395
395
92
92
92
92
92
92
92
452
452
452
452
452
452
0
0
0
0
0
0
0
-1
-1
-1
-1
-1
-1
-1
88
88
88
88
88
88
88
88
88
88
88
88
88
88
-1
86
86
86
86
86
86
86
86
86
86
86
-1
-1
-1
-1
-1
-1
-1
-1
-1
-1
-1
-1
-1
-1
-1
-1
-1
-1
-1
-1
-1
-1
-1
-1
-1
-1
-1
-1
-1
-1
-1
19
19
19
19
19
19
19
19
19
19
19
19
19
19
19
19
93
93
93
93
93
93
93
93
93
93
80
80
80
80
80
80
80
80
80
80
80
80
80
80
80
-1
-1
-1
130
130
130
130
130
130
-1
-1
-1
-1
-1
-1
-1
-1
-1
415
415
415
415
415
415
415
415
415
415
415
415
161
161
161
161
161
161
360
360
360
360
360
-1
-1
-1
-1
-1
-1
-1
-1
108
108
108
108
108
108
121
121
121
121
121
410
410
410
410
410
410
364
364
364
364
364
364
364
364
-1
-1
164
164
164
164
164
164
164
164
164
164
164
164
164
164
164
164
-1
-1
-1
-1
-1
-1
-1
-1
-1
-1
-1
-1
-1
-1
-1
-1
421
421
421
421
421
421
421
