670
670
670
670
-1
666
666
669
669
669
669
669
669
669
669
669
669
666
666
666
666
666
666
666
666
666
697
697
697
697
697
697
697
697
697
697
697
697
671
671
671
671
671
671
671
671
671
671
256
256
256
256
256
256
256
256
256
256
256
256
256
663
663
663
663
663
663
663
663
663
663
663
663
663
663
663
663
663
663
663
663
663
663
663
663
663
663
663
663
663
412
412
412
412
412
412
412
412
663
663
663
663
663
663
637
637
637
637
637
637
637
637
637
637
637
637
637
637
637
637
637
637
637
637
637
637
637
637
637
637
637
637
637
531
531
531
531
531
531
531
531
531
531
531
531
531
531
531
531
531
531
531
531
531
531
531
531
531
531
531
531
531
531
268
268
268
268
268
268
268
268
268
268
268
268
268
268
268
268
268
268
268
268
268
268
268
268
268
-1
-1
-1
-1
-1
-1
-1
-1
-1
-1
-1
-1
-1
-1
-1
505
505
505
505
505
505
618
618
618
618
618
618
618
618
618
618
618
618
595
595
595
595
595
595
595
595
361
361
361
361
361
361
361
361
-1
-1
-1
643
643
643
643
643
643
484
484
484
484
484
484
484
73
73
73
73
73
73
73
73
73
73
35
35
35
35
35
35
35
35
35
35
-1
524
524
524
524
524
524
567
567
567
567
567
567
567
567
567
567
358
358
358
358
358
358
358
358
358
358
358
358
358
358
326
326
326
326
326
326
326
326
326
326
326
326
326
326
208
208
208
208
208
208
208
208
208
208
596
596
596
596
596
596
596
596
596
596
596
596
596
596
596
588
588
588
588
588
588
588
588
588
588
588
588
628
628
628
628
628
628
628
628
628
628
628
628
628
628
628
628
39
39
39
39
39
50
50
50
50
50
50
50
50
50
50
50
50
50
50
50
-1
-1
-1
-1
-1
-1
-1
-1
26
-1
26
26
26
26
26
26
26
-1
-1
-1
183
183
183
183
183
183
183
-1
457
-1
457
-1
457
457
457
457
457
-1
-1
-1
-1
-1
-1
-1
-1
-1
626
626
626
626
626
15
15
15
15
15
15
15
20
20
20
20
20
20
-1
-1
-1
-1
-1
-1
-1
-1
-1
-1
310
310
310
310
310
486
486
486
486
486
486
486
486
486
49
49
49
49
49
49
34
34
34
34
34
34
34
34
34
-1
-1
-1
72
72
72
72
72
72
72
72
72
72
72
72
72
72
72
72
72
72
72
633
633
633
633
633
633
633
633
633
633
441
441
441
441
441
441
573
573
573
573
573
573
573
573
573
349
349
349
349
349
349
349
349
349
349
349
349
371
371
371
371
371
371
371
371
371
371
622
622
622
622
622
92
92
92
92
92
638
638
638
638
638
-1
-1
-1
88
88
88
88
88
88
88
88
88
-1
-1
-1
-1
-1
-1
-1
-1
-1
86
86
86
86
86
86
86
86
-1
-1
-1
-1
-1
-1
-1
-1
-1
-1
-1
-1
-1
-1
-1
-1
-1
-1
-1
-1
-1
-1
-1
-1
-1
-1
-1
-1
-1
-1
19
19
19
19
19
19
19
19
19
19
19
19
19
19
19
19
19
93
93
93
93
93
93
93
93
93
93
93
93
93
93
80
80
80
80
80
80
80
80
80
80
-1
-1
-1
130
130
130
130
130
130
-1
-1
-1
130
519
519
519
519
519
519
519
-1
519
519
519
519
519
519
-1
-1
161
161
161
161
161
-1
-1
-1
-1
516
516
516
516
516
516
-1
-1
-1
-1
108
108
108
108
108
108
121
121
121
121
121
121
-1
579
579
579
579
579
579
579
579
579
579
579
579
579
579
579
-1
-1
-1
-1
-1
-1
-1
690
690
690
690
690
690
-1
-1
-1
690
690
690
690
690
657
657
657
657
657
657
657
657
657
657
672
672
672
672
672
672
672
672
672
674
674
674
674
674
674
674
-1
-1
-1
-1
-1
691
691
691
691
691
691
691
691
691
691
691
691
691
691
691
-1
-1
-1
-1
-1
-1
-1
-1
-1
-1
-1
-1
-1
-1
-1
-1
-1
-1
-1
-1
-1
-1
-1
-1
-1
-1
-1
-1
-1
-1
-1
670
670
670
670
670
670
670
