1022
1022
1022
1022
-1
666
666
666
666
666
666
666
666
666
666
666
666
666
666
666
666
666
666
666
666
1000
1000
1000
1000
1000
1000
1000
1000
1000
1000
1000
1000
1000
1000
1000
735
735
735
735
735
735
735
735
735
735
987
987
987
987
987
987
987
987
987
987
987
987
987
987
839
839
839
839
839
839
839
839
839
839
839
839
919
919
919
919
919
919
919
919
919
919
919
919
919
919
919
919
919
796
796
796
796
796
796
796
796
796
796
796
796
796
796
796
796
796
796
796
796
796
796
777
777
777
777
777
777
777
777
777
777
777
777
777
777
777
777
777
777
777
777
777
777
889
889
889
889
889
889
889
889
889
889
889
889
889
889
889
889
531
531
531
531
531
531
531
531
531
531
531
531
531
531
531
531
531
531
531
531
531
531
531
531
531
531
531
531
531
531
531
531
531
531
531
1030
1030
1030
1030
1030
-1
-1
-1
-1
-1
-1
-1
-1
-1
-1
-1
595
595
595
595
595
595
595
595
595
1017
1017
1017
1017
1017
1017
1017
1017
1017
1017
864
864
864
864
864
864
864
864
864
864
864
864
864
864
-1
-1
-1
-1
-1
-1
-1
-1
794
794
794
794
794
794
794
484
484
484
484
484
484
484
484
484
484
484
484
35
35
35
35
35
35
35
35
35
35
-1
-1
915
915
915
915
915
915
915
915
915
893
893
893
893
893
893
1013
1013
1013
1013
1013
1013
1013
1013
1013
1013
1013
1013
999
999
999
999
999
999
999
999
910
910
910
910
910
910
910
910
910
910
910
910
910
910
910
910
910
910
791
791
791
791
791
791
791
1006
1006
1006
1006
1006
1006
1006
1006
1006
1006
1006
1006
1006
1006
914
914
914
914
914
914
914
914
914
914
914
914
914
914
914
914
914
914
914
914
914
914
930
930
930
930
930
326
326
326
326
326
326
326
326
326
326
326
326
326
326
326
-1
-1
-1
-1
-1
-1
-1
-1
954
-1
954
954
954
954
954
954
954
-1
-1
-1
944
944
944
944
944
944
944
944
-1
944
-1
-1
-1
-1
-1
-1
-1
-1
-1
-1
1023
1023
1023
1023
1023
1023
1023
1023
1023
1023
994
994
994
994
994
994
994
972
972
972
972
972
972
-1
-1
-1
-1
-1
-1
-1
-1
-1
-1
-1
962
962
962
962
962
962
962
962
962
962
962
962
962
875
875
875
875
875
875
486
486
486
486
486
486
486
486
486
-1
-1
-1
927
927
927
927
927
927
927
927
927
927
927
927
927
927
927
927
927
927
927
927
929
929
929
929
929
929
929
929
929
929
929
929
959
959
959
959
959
959
959
959
959
959
959
959
959
1029
1029
1029
1029
1029
1029
1029
1029
1029
1029
1029
1029
622
622
622
622
622
622
622
622
622
622
943
943
943
943
943
943
943
943
943
943
827
827
827
827
827
827
827
932
932
932
932
932
932
-1
-1
-1
-1
-1
-1
-1
-1
-1
-1
-1
-1
-1
-1
-1
-1
-1
-1
668
668
668
668
668
-1
-1
-1
-1
-1
-1
-1
-1
-1
-1
-1
-1
-1
-1
-1
-1
-1
-1
-1
-1
-1
-1
-1
-1
-1
-1
-1
-1
-1
19
19
19
19
19
19
19
19
19
19
19
19
19
19
19
19
19
805
805
805
805
805
805
805
805
805
805
805
805
93
93
93
93
93
93
93
93
93
93
93
93
-1
-1
-1
849
849
849
849
849
849
-1
-1
-1
849
-1
-1
-1
-1
-1
-1
-1
-1
-1
161
161
161
-1
-1
161
161
161
161
-1
-1
-1
863
863
863
863
863
863
-1
-1
-1
-1
-1
-1
-1
-1
810
810
810
810
810
810
810
789
789
789
789
789
789
789
803
803
803
803
803
803
803
803
803
803
803
-1
-1
938
-1
-1
938
938
938
938
-1
-1
-1
-1
-1
-1
-1
-1
-1
-1
-1
765
765
765
765
765
765
765
765
765
727
727
727
727
727
727
1034
1034
1034
1034
1034
1034
1034
1034
1034
1034
-1
-1
-1
-1
-1
-1
-1
-1
-1
-1
-1
-1
-1
-1
-1
-1
-1
-1
-1
-1
-1
-1
-1
-1
-1
-1
-1
-1
-1
-1
-1
-1
-1
-1
-1
-1
-1
-1
-1
-1
-1
-1
-1
-1
-1
-1
-1
1022
-1
-1
-1
-1
1022
1022
1022
1022
1022
1022
1022
