753
753
753
753
-1
666
666
666
666
666
666
666
666
666
666
666
666
666
666
666
666
666
671
671
671
671
671
671
671
671
671
671
671
671
671
671
671
671
671
671
671
256
256
256
256
256
256
256
256
256
256
256
256
256
256
256
256
256
256
256
256
256
717
717
717
717
717
717
717
717
717
717
717
717
717
717
717
717
717
717
818
818
818
818
818
818
818
818
818
818
818
818
818
818
818
818
818
821
821
821
821
821
821
821
821
821
821
821
821
821
821
821
821
821
821
-1
-1
-1
663
663
663
663
663
663
663
663
663
663
663
663
663
663
663
663
663
663
663
663
663
663
663
663
663
663
663
663
663
663
663
663
663
663
663
663
663
663
663
663
663
663
663
663
663
637
637
637
637
637
637
637
637
637
637
637
637
637
637
637
637
637
531
531
531
531
531
531
531
531
531
531
-1
-1
-1
-1
-1
-1
-1
-1
-1
-1
-1
-1
-1
-1
737
737
737
737
737
737
737
737
737
737
737
737
737
618
618
618
618
618
618
618
618
618
618
618
361
361
361
361
361
361
361
361
361
-1
-1
-1
-1
-1
-1
-1
-1
619
619
619
619
619
619
-1
-1
-1
-1
73
73
73
73
73
73
73
73
73
35
35
35
35
35
35
35
35
35
35
-1
-1
567
567
567
567
567
567
567
567
567
567
567
567
358
358
358
358
358
358
358
358
358
358
819
819
819
819
819
819
819
819
819
819
563
563
563
563
563
563
563
563
563
563
208
208
208
208
208
208
208
208
208
208
208
791
791
791
791
791
791
791
791
791
791
791
791
791
791
479
479
479
479
479
479
479
479
479
479
479
479
628
628
628
628
628
628
628
628
628
628
628
628
628
628
628
628
628
39
39
39
39
39
39
50
50
50
50
50
50
50
50
50
50
50
50
50
50
50
-1
-1
-1
-1
-1
-1
-1
-1
26
-1
26
26
26
26
26
26
-1
-1
-1
-1
183
183
183
183
183
183
183
-1
457
-1
457
-1
457
457
457
457
457
-1
-1
-1
-1
732
732
732
732
732
732
732
732
732
732
732
15
15
15
15
15
20
20
20
20
20
20
-1
-1
-1
-1
-1
-1
-1
-1
-1
-1
-1
-1
-1
-1
-1
-1
-1
-1
88
88
88
88
88
88
88
88
-1
-1
-1
-1
34
34
34
34
34
34
34
-1
-1
-1
-1
-1
72
72
72
72
72
72
72
72
72
72
72
72
72
72
72
72
72
72
72
72
573
573
573
573
573
788
788
788
788
788
788
788
788
788
788
788
669
669
669
669
669
669
669
669
669
669
669
669
669
669
669
669
669
669
-1
-1
-1
-1
-1
-1
-1
-1
-1
-1
-1
-1
-1
-1
-1
-1
-1
-1
-1
-1
-1
-1
-1
-1
-1
-1
-1
-1
-1
-1
-1
-1
-1
-1
-1
-1
-1
-1
-1
-1
-1
-1
19
19
19
19
19
19
19
19
19
19
19
19
19
19
19
19
19
19
19
19
19
19
19
19
817
817
817
817
817
817
817
93
93
93
93
93
93
93
93
93
93
-1
-1
-1
-1
-1
519
519
519
519
519
519
519
519
519
-1
-1
-1
-1
-1
-1
-1
-1
-1
793
793
793
-1
-1
793
793
793
793
793
793
360
360
360
360
360
360
813
813
813
813
813
813
813
813
813
813
813
810
810
810
810
810
766
766
766
766
766
766
766
766
766
766
766
809
809
809
809
809
803
803
803
803
803
803
803
803
803
803
803
-1
-1
-1
-1
776
776
776
776
776
776
776
776
776
776
776
776
776
776
736
736
736
736
736
736
736
736
674
674
674
674
674
674
674
674
674
811
811
811
811
811
811
811
811
811
811
811
-1
-1
-1
-1
-1
-1
-1
-1
-1
-1
-1
-1
-1
-1
-1
-1
-1
-1
-1
-1
-1
-1
-1
-1
-1
-1
-1
-1
-1
-1
-1
688
688
688
688
688
-1
-1
-1
-1
-1
-1
-1
-1
-1
753
753
-1
-1
-1
753
753
753
753
753
753
753
753
