753
753
753
-1
-1
666
666
666
666
666
666
666
666
666
666
666
666
666
666
666
666
666
666
666
666
735
735
735
735
735
735
735
735
735
735
735
735
735
735
735
735
735
735
735
735
734
734
734
734
734
734
734
734
734
734
734
734
734
734
734
734
734
839
839
839
839
839
839
839
839
839
839
839
839
839
839
839
839
839
839
839
839
839
796
796
796
796
796
796
796
796
796
796
796
796
796
796
796
796
796
796
821
821
821
821
821
821
821
821
821
821
821
821
821
821
743
743
743
743
743
743
743
743
743
743
743
743
743
743
743
743
743
743
743
743
889
889
889
889
889
889
889
889
889
889
889
889
889
889
889
889
889
889
889
889
889
531
531
531
531
531
531
531
531
531
531
531
531
531
531
531
531
531
531
531
531
531
531
531
531
531
531
531
531
531
531
268
268
268
268
268
-1
-1
-1
-1
-1
-1
-1
-1
-1
-1
-1
864
864
864
864
864
864
864
864
864
864
864
864
864
879
879
879
879
879
879
879
879
879
879
879
879
868
868
868
868
868
868
868
868
868
-1
-1
-1
-1
-1
-1
-1
-1
794
794
794
794
794
794
794
794
73
73
73
73
73
73
73
73
73
73
35
35
35
35
35
35
35
35
35
35
-1
-1
899
899
899
899
899
899
899
899
899
899
899
893
893
893
893
893
893
893
893
893
893
893
893
893
893
910
910
910
910
910
910
910
910
910
910
915
915
915
915
915
915
915
915
915
915
915
915
915
915
915
915
915
915
791
791
791
791
791
791
791
791
791
791
791
791
791
791
791
914
914
914
914
914
914
914
914
914
928
928
928
928
928
928
928
928
928
928
928
928
928
928
928
928
928
928
928
928
-1
-1
-1
-1
778
778
778
778
778
778
778
778
778
778
778
778
778
778
778
778
778
778
778
778
778
778
778
778
778
778
778
778
778
778
637
637
637
637
637
-1
-1
-1
-1
-1
-1
-1
637
637
637
637
858
858
858
858
-1
858
-1
-1
925
925
925
925
925
925
925
925
925
925
-1
-1
-1
-1
-1
-1
788
788
788
788
788
788
788
788
788
788
-1
-1
-1
895
895
895
895
895
895
895
895
895
895
895
895
895
-1
-1
-1
-1
852
852
852
852
852
852
852
920
920
920
920
920
920
920
-1
-1
-1
-1
34
34
34
34
34
34
34
34
34
-1
-1
-1
927
916
916
916
916
916
916
916
916
916
916
927
927
927
927
927
927
927
927
927
573
573
573
573
573
573
573
573
929
929
929
929
929
929
929
929
653
653
653
653
653
653
653
653
653
764
764
764
764
764
764
764
764
764
764
764
764
764
371
371
371
371
371
371
903
903
903
903
903
903
903
903
622
622
622
622
622
827
827
827
827
827
827
827
926
926
926
926
926
926
926
926
-1
-1
-1
-1
-1
-1
-1
-1
-1
-1
-1
-1
-1
-1
-1
-1
901
901
901
901
901
-1
-1
-1
-1
-1
-1
-1
-1
-1
-1
-1
-1
-1
-1
-1
-1
-1
-1
-1
-1
-1
-1
-1
-1
-1
-1
-1
-1
-1
19
19
19
19
19
19
19
19
19
19
19
19
19
19
19
19
19
19
19
93
93
93
93
93
93
93
93
93
93
93
93
93
93
93
93
93
93
93
93
93
93
-1
-1
-1
849
849
849
849
849
849
-1
-1
-1
-1
-1
-1
-1
-1
-1
-1
-1
-1
-1
161
161
-1
-1
161
161
161
161
161
161
-1
-1
-1
-1
863
863
863
863
863
863
-1
-1
-1
-1
810
810
810
810
810
835
835
835
835
835
835
835
789
789
789
789
789
789
789
789
789
803
803
803
803
803
803
803
-1
-1
-1
-1
-1
745
745
745
745
745
745
745
745
-1
785
785
785
785
785
-1
-1
765
765
765
765
765
765
765
765
765
674
674
674
674
674
674
727
727
727
727
727
727
727
727
727
727
727
-1
-1
-1
-1
-1
-1
-1
-1
-1
-1
-1
-1
-1
-1
-1
-1
-1
-1
-1
-1
-1
-1
-1
-1
-1
-1
-1
-1
-1
-1
-1
-1
-1
-1
-1
-1
-1
-1
-1
-1
-1
-1
-1
-1
-1
753
753
-1
-1
-1
753
753
753
753
753
753
753
753
