753
753
753
753
-1
666
666
666
666
666
666
666
735
735
735
735
735
735
735
735
735
735
735
735
671
671
671
671
671
671
671
671
671
671
671
671
843
843
843
843
843
843
843
843
734
734
734
734
734
734
734
734
734
734
734
734
256
256
256
256
256
256
256
256
717
717
717
717
717
717
717
717
717
717
717
839
839
839
839
839
839
839
839
839
839
796
796
796
796
796
796
796
796
796
796
818
818
818
818
818
818
818
818
818
818
818
818
821
821
821
821
821
821
821
821
743
743
743
743
743
743
743
743
743
743
743
743
743
743
743
777
777
777
777
777
777
777
777
777
777
777
777
777
777
777
777
531
531
531
531
531
531
531
531
531
531
531
531
531
531
531
531
531
531
531
531
531
531
531
531
531
531
71
71
71
71
71
71
71
71
71
71
71
71
71
71
-1
-1
-1
-1
-1
-1
-1
-1
-1
-1
-1
-1
-1
-1
-1
-1
-1
-1
-1
-1
-1
778
-1
-1
73
73
73
73
73
73
73
73
35
35
35
35
35
35
778
778
778
778
778
778
778
778
778
778
778
778
778
778
778
778
778
778
778
778
778
778
778
778
637
637
637
637
637
637
637
819
819
819
819
819
819
341
341
341
341
341
341
341
341
208
208
208
208
208
208
208
208
208
208
208
208
208
208
791
791
791
791
791
791
791
791
791
842
842
842
842
842
842
479
479
479
479
479
479
479
479
479
831
831
831
831
831
831
831
831
831
831
831
831
628
628
628
628
628
628
628
628
39
39
39
39
39
50
50
50
50
50
50
50
50
326
326
326
326
326
326
326
-1
-1
-1
-1
-1
-1
-1
-1
-1
-1
-1
-1
26
26
26
26
26
-1
-1
-1
-1
183
183
183
183
183
834
834
834
834
834
834
834
834
834
834
834
834
834
834
834
-1
-1
-1
669
669
669
669
669
669
669
669
669
15
15
15
15
15
88
88
88
88
88
-1
-1
-1
-1
-1
-1
-1
751
751
751
751
751
751
751
751
751
751
751
751
751
751
838
838
838
838
838
838
838
838
838
838
838
838
34
34
34
34
34
34
34
-1
-1
-1
-1
-1
729
729
729
729
729
729
729
729
729
729
729
729
72
72
72
72
72
72
72
72
573
573
573
573
573
573
573
833
833
833
833
833
833
833
833
833
833
833
833
833
833
833
833
833
833
833
833
833
833
833
833
833
833
833
833
441
441
441
441
441
441
441
441
441
622
622
622
622
622
764
764
764
764
764
-1
-1
-1
-1
-1
-1
-1
-1
-1
828
828
828
828
828
828
828
828
-1
-1
-1
-1
-1
-1
-1
-1
-1
-1
-1
-1
776
776
776
776
776
776
776
776
776
776
776
776
776
776
776
736
736
736
736
736
736
736
736
736
736
736
736
736
736
736
736
736
736
736
736
736
736
736
736
736
736
736
736
736
736
736
736
736
736
736
736
736
736
736
736
80
80
80
80
80
80
80
80
80
80
93
93
93
93
93
93
93
93
93
93
93
93
93
93
93
93
788
788
788
788
788
788
788
788
788
788
788
788
788
788
788
-1
-1
-1
766
766
766
766
766
766
766
766
766
766
766
766
766
766
766
161
161
161
161
161
161
-1
-1
-1
-1
-1
-1
-1
-1
-1
-1
-1
-1
-1
-1
810
810
810
810
810
810
835
835
835
835
835
835
809
809
809
809
809
809
789
789
789
789
789
789
789
-1
-1
-1
-1
-1
-1
-1
-1
-1
-1
-1
-1
-1
-1
-1
-1
-1
-1
-1
-1
-1
-1
-1
-1
765
765
765
765
765
765
846
846
846
846
846
674
674
674
674
674
674
674
674
-1
-1
-1
-1
-1
-1
-1
-1
-1
-1
-1
-1
-1
-1
-1
-1
-1
-1
-1
-1
-1
-1
-1
-1
-1
-1
-1
-1
-1
-1
-1
-1
-1
-1
-1
-1
-1
-1
-1
-1
-1
-1
-1
-1
-1
-1
-1
-1
-1
-1
-1
-1
-1
-1
-1
-1
-1
-1
-1
753
753
753
753
753
