256
256
256
256
256
256
256
256
256
454
454
454
454
454
454
454
454
454
454
454
454
454
454
57
57
57
57
57
57
57
57
57
216
216
216
216
216
216
216
216
216
216
440
440
440
440
440
440
440
440
440
440
440
455
455
455
455
455
455
455
455
455
412
412
412
412
412
412
412
412
412
412
412
412
412
412
412
6
6
6
6
6
6
6
6
6
6
6
6
6
6
6
389
389
389
389
389
389
389
389
389
389
389
389
389
389
389
389
389
389
389
389
389
268
268
268
268
268
268
268
268
268
268
268
367
367
367
367
367
367
367
367
367
367
367
367
367
367
367
367
367
367
367
367
367
367
367
367
367
367
-1
-1
-1
-1
-1
-1
-1
-1
-1
-1
-1
-1
-1
-1
-1
243
243
243
243
243
243
353
353
353
353
353
353
353
353
353
67
67
67
67
67
361
361
361
361
361
361
361
137
137
137
137
137
137
137
-1
-1
-1
166
166
166
166
166
-1
-1
-1
-1
-1
-1
-1
73
73
73
73
73
73
73
73
73
73
35
35
35
35
35
35
35
35
35
35
-1
-1
358
358
358
358
358
358
358
131
131
131
131
131
131
298
298
298
298
298
298
298
298
298
298
341
341
341
341
341
341
341
341
341
326
326
326
326
326
326
326
326
326
326
208
208
208
208
208
208
208
208
208
208
208
319
319
319
319
319
319
319
319
319
319
7
7
7
7
7
7
7
7
7
7
7
7
129
129
129
129
129
129
129
129
129
414
414
414
414
414
414
414
414
414
414
414
414
39
39
39
39
39
50
50
50
50
50
50
50
50
106
106
106
106
106
106
106
-1
-1
-1
-1
-1
-1
-1
-1
-1
-1
26
26
26
26
26
-1
-1
-1
-1
183
183
183
183
183
183
183
183
183
-1
18
-1
18
18
18
18
18
-1
-1
-1
-1
-1
-1
-1
-1
-1
-1
-1
-1
-1
15
15
15
15
15
15
15
20
20
20
20
20
20
-1
-1
-1
-1
-1
-1
-1
-1
-1
-1
-1
310
310
310
310
310
310
310
310
310
-1
-1
-1
-1
49
49
49
49
49
49
34
34
34
34
34
34
34
-1
-1
-1
-1
-1
72
72
72
72
72
72
72
72
72
72
97
97
97
97
97
97
97
97
97
97
409
409
409
409
409
409
409
409
409
69
69
69
69
69
69
69
69
69
69
441
441
441
441
441
441
395
395
395
395
395
395
395
395
395
395
395
395
92
92
92
92
92
92
92
452
452
452
452
452
452
452
452
0
0
0
0
0
-1
-1
109
109
109
109
109
88
88
88
88
88
88
88
88
88
88
88
88
88
88
-1
86
86
86
86
86
86
86
86
86
86
86
86
-1
-1
-1
-1
-1
-1
-1
-1
-1
-1
-1
-1
-1
-1
-1
-1
-1
-1
-1
-1
-1
-1
-1
-1
-1
-1
-1
-1
-1
-1
-1
-1
19
19
19
19
19
19
19
19
19
19
19
19
19
19
19
19
19
369
369
369
369
369
369
369
369
369
80
80
80
80
80
80
80
80
80
80
80
80
80
80
80
-1
-1
-1
130
130
130
130
130
130
-1
-1
-1
-1
-1
-1
-1
-1
-1
415
415
415
415
415
415
415
340
340
340
340
340
340
161
161
161
161
161
-1
-1
-1
-1
438
438
438
438
438
-1
-1
-1
-1
108
108
108
108
108
108
121
121
121
121
121
121
410
410
410
410
410
410
410
364
364
364
364
364
364
364
-1
-1
-1
164
164
164
164
164
164
164
164
164
164
164
164
164
164
164
164
164
-1
-1
-1
-1
-1
-1
-1
-1
-1
-1
-1
-1
-1
421
421
421
421
421
421
164
