-1
-1
-1
-1
-1
666
666
666
666
666
666
666
666
666
666
666
666
666
666
666
666
666
666
666
735
735
735
735
735
735
735
735
735
735
735
735
735
735
735
734
734
734
734
734
734
734
734
734
734
256
256
256
256
256
256
256
256
256
256
256
256
256
256
256
717
717
717
717
717
717
717
717
717
717
717
717
717
717
717
717
717
663
663
663
663
663
663
663
663
663
663
663
663
663
663
663
663
663
663
663
663
663
663
663
663
663
663
663
663
663
663
663
663
663
663
663
663
743
743
743
743
743
743
743
743
743
743
743
743
743
743
743
743
743
743
743
743
743
743
743
743
743
743
743
637
637
637
637
637
637
637
637
637
637
637
637
637
637
637
637
637
637
637
637
637
637
637
637
637
637
637
637
637
637
637
531
531
531
531
531
531
531
531
531
531
531
531
531
268
268
268
268
268
-1
-1
-1
-1
-1
-1
-1
-1
-1
-1
-1
505
505
505
505
505
505
737
737
737
737
737
737
737
737
595
595
595
595
595
595
595
595
595
595
361
361
361
361
361
361
361
361
361
-1
-1
-1
-1
-1
-1
-1
-1
-1
-1
-1
-1
-1
-1
484
484
484
484
484
484
73
73
73
73
73
73
73
35
35
35
35
35
35
35
35
35
35
-1
-1
524
524
524
524
524
524
524
567
567
567
567
567
567
567
358
358
358
358
358
358
358
358
358
358
341
341
341
341
341
341
341
341
341
341
563
563
563
563
563
563
563
563
563
208
208
208
208
208
208
208
208
208
208
791
791
791
791
791
791
791
791
791
791
791
791
791
791
791
741
741
741
741
741
741
741
741
741
479
479
479
479
479
479
479
479
479
479
479
479
628
628
628
628
628
628
628
39
39
39
39
39
326
326
326
326
326
326
326
326
326
326
326
326
326
326
326
-1
-1
-1
-1
-1
-1
-1
-1
-1
-1
-1
26
26
26
26
26
-1
-1
-1
-1
-1
-1
-1
-1
739
739
739
739
739
739
-1
-1
457
457
457
457
457
-1
-1
-1
-1
-1
-1
-1
-1
-1
-1
-1
-1
732
732
732
732
732
732
732
-1
-1
-1
-1
-1
-1
-1
-1
-1
-1
-1
-1
-1
-1
-1
-1
-1
417
417
417
417
417
417
417
417
486
486
486
486
486
486
49
49
49
49
49
34
34
34
34
34
34
34
88
88
88
88
88
88
88
88
88
729
729
729
729
729
729
729
729
729
729
729
729
729
729
729
729
-1
-1
-1
-1
707
707
707
707
707
707
707
707
707
-1
-1
-1
-1
653
653
653
653
653
653
653
653
349
349
349
349
349
349
349
349
349
349
349
349
622
622
622
622
622
0
0
0
0
0
0
0
775
775
775
775
775
775
775
775
92
92
92
92
92
768
768
768
768
768
768
768
-1
-1
-1
-1
-1
-1
-1
-1
-1
-1
-1
-1
-1
-1
-1
-1
-1
788
788
788
788
788
788
788
788
788
788
788
788
788
788
788
788
788
788
788
788
788
788
788
788
788
788
788
788
788
788
-1
-1
-1
-1
-1
-1
-1
-1
-1
19
19
19
19
19
19
19
19
749
749
749
749
749
749
749
749
749
749
749
749
749
749
749
749
749
749
749
749
749
749
749
749
749
749
749
749
749
749
749
749
749
-1
-1
-1
130
130
130
130
130
130
-1
519
519
519
519
519
519
519
-1
-1
-1
-1
-1
-1
-1
161
-1
-1
-1
161
161
161
161
161
161
360
360
360
360
360
-1
789
789
789
789
789
789
-1
-1
-1
-1
-1
728
728
728
728
728
769
769
769
769
769
-1
-1
-1
-1
-1
765
765
765
765
765
765
765
765
765
765
736
736
736
736
736
736
736
736
736
736
736
736
736
-1
-1
-1
-1
-1
-1
-1
-1
-1
-1
-1
-1
-1
-1
-1
-1
-1
-1
776
776
776
776
776
776
776
776
776
-1
-1
-1
-1
-1
-1
-1
-1
-1
-1
-1
-1
-1
-1
-1
-1
-1
-1
-1
753
753
-1
-1
-1
753
753
753
753
753
753
753
753
