753
753
753
753
-1
666
666
666
666
666
666
666
666
666
666
666
666
666
666
666
666
666
666
666
666
735
735
735
735
735
735
735
735
735
735
735
735
735
735
735
735
735
734
734
734
734
734
734
734
734
734
734
734
734
734
734
734
734
734
734
734
734
734
734
839
839
839
839
839
839
839
839
839
839
839
839
839
839
839
839
839
796
796
796
796
796
796
796
796
796
796
796
796
796
796
796
796
796
796
796
821
821
821
821
821
821
821
821
821
821
821
821
821
821
821
777
777
777
777
777
777
777
777
777
777
777
777
777
777
777
889
889
889
889
889
889
889
889
889
889
889
889
889
889
889
889
889
889
889
889
889
889
889
531
531
531
531
531
531
531
531
531
531
531
531
531
531
531
531
531
531
531
531
531
531
531
531
531
531
531
531
531
531
531
531
531
531
531
531
-1
-1
-1
-1
-1
-1
-1
-1
-1
-1
-1
-1
-1
864
864
864
864
864
864
864
864
864
595
595
595
595
595
595
595
595
879
879
879
879
879
879
879
879
879
879
868
868
868
868
868
868
868
-1
-1
-1
-1
887
887
887
887
887
73
73
73
73
73
73
73
73
484
484
484
484
484
484
484
484
484
35
35
35
35
35
35
35
35
35
35
-1
-1
899
899
899
899
899
899
899
899
899
774
774
774
774
774
774
774
774
774
774
774
915
915
915
915
915
915
915
915
915
893
893
893
893
893
893
893
893
893
893
910
910
910
910
910
910
910
910
910
910
910
910
910
910
791
791
791
791
791
791
791
791
791
791
791
791
791
791
791
914
914
914
914
914
914
914
914
914
914
914
914
914
914
914
914
928
928
928
928
928
928
928
928
928
928
928
928
928
930
930
930
930
930
326
326
326
326
326
326
326
326
326
326
326
326
326
326
326
-1
-1
-1
-1
-1
-1
954
-1
-1
954
954
954
954
954
-1
-1
778
778
778
778
778
778
778
778
-1
-1
778
778
778
778
778
778
778
-1
-1
-1
-1
-1
-1
-1
-1
-1
-1
898
898
898
898
898
898
898
898
967
967
967
967
967
967
967
967
967
967
967
967
952
952
952
952
952
952
952
952
34
34
34
34
34
34
962
962
962
962
962
962
962
962
962
962
962
962
962
875
875
875
875
875
875
486
486
486
486
486
486
486
-1
-1
-1
-1
-1
-1
927
927
927
927
927
927
927
927
927
927
927
927
927
927
927
927
927
927
929
929
929
929
929
929
929
929
929
929
929
929
653
653
653
653
653
653
653
653
959
959
959
959
959
959
764
764
764
764
764
764
764
764
764
764
764
764
968
968
968
968
968
968
968
943
943
943
943
943
903
903
903
903
903
903
903
903
-1
-1
-1
926
926
926
926
926
926
926
926
926
-1
-1
-1
-1
-1
-1
-1
-1
-1
-1
-1
-1
-1
-1
-1
-1
-1
-1
-1
668
668
668
668
668
-1
-1
-1
-1
-1
-1
-1
-1
-1
-1
-1
-1
-1
-1
-1
-1
-1
-1
-1
-1
-1
-1
-1
-1
-1
-1
-1
-1
-1
19
19
19
19
19
19
19
19
19
19
19
19
19
19
19
19
805
805
805
805
805
805
805
805
805
805
805
805
93
93
93
93
93
93
93
93
93
93
93
93
93
-1
-1
-1
849
849
849
849
849
849
-1
-1
-1
849
-1
-1
-1
-1
-1
-1
-1
-1
-1
-1
-1
-1
-1
-1
161
161
161
161
161
161
848
848
848
848
848
848
786
786
786
786
786
786
786
810
810
810
810
810
810
835
835
835
835
835
789
789
789
789
789
789
803
803
803
803
803
803
803
803
803
803
803
-1
-1
-1
-1
-1
938
938
938
938
938
938
938
938
785
785
785
785
785
-1
-1
785
765
765
765
765
765
765
765
765
765
765
674
674
674
674
674
674
674
674
727
727
674
674
727
727
727
-1
-1
-1
-1
-1
-1
-1
-1
-1
-1
-1
-1
-1
-1
-1
-1
-1
-1
-1
-1
-1
-1
-1
-1
-1
-1
-1
-1
-1
-1
-1
-1
-1
-1
-1
815
815
815
815
815
-1
-1
-1
753
-1
-1
-1
753
753
753
753
753
753
753
753
