46
46
46
46
46
46
46
46
46
46
46
46
46
46
51
51
51
51
51
51
51
51
51
51
135
135
135
135
135
135
135
135
135
135
135
57
57
57
57
57
57
216
216
216
216
216
216
216
216
216
216
216
216
40
40
40
40
40
40
40
40
40
40
40
40
40
103
103
103
103
103
103
103
103
103
89
89
89
89
89
89
89
89
89
89
89
89
89
89
89
89
89
89
6
6
6
6
6
6
6
6
6
6
6
6
79
79
79
79
79
79
79
79
79
79
79
79
79
79
79
79
79
79
198
198
198
198
198
198
198
198
198
198
198
198
198
198
198
198
198
198
198
198
198
198
198
102
102
102
102
102
-1
-1
-1
-1
-1
-1
-1
-1
-1
-1
-1
-1
243
243
243
243
243
243
243
243
67
67
67
67
67
67
67
67
67
67
67
64
64
64
64
64
64
64
64
137
137
137
137
137
137
137
-1
-1
-1
-1
-1
-1
-1
-1
-1
-1
-1
-1
31
31
31
31
31
73
73
73
73
73
73
73
35
35
35
35
35
35
35
35
35
35
-1
-1
111
111
111
111
111
239
239
239
239
239
239
239
8
8
8
8
8
8
8
8
8
8
8
11
11
11
11
11
11
11
11
11
208
208
208
208
208
208
208
208
208
208
208
28
28
28
28
28
28
28
28
28
28
7
7
7
7
7
7
7
7
7
7
7
7
7
7
7
17
17
17
17
17
17
17
17
17
17
17
220
220
220
220
220
220
220
220
220
220
220
129
129
129
129
129
129
129
39
39
39
39
39
50
50
50
50
50
50
50
50
106
106
106
106
106
106
106
-1
-1
-1
-1
-1
-1
-1
-1
-1
26
26
26
26
26
-1
-1
-1
-1
183
183
183
183
183
183
183
-1
-1
18
18
18
18
18
18
18
-1
-1
-1
-1
-1
-1
-1
-1
-1
-1
-1
15
15
15
15
15
15
15
20
20
20
20
20
20
-1
-1
-1
-1
-1
-1
-1
-1
-1
-1
-1
-1
207
207
207
207
207
207
207
207
207
-1
-1
-1
-1
49
49
49
49
49
49
34
34
34
34
34
34
34
-1
-1
-1
-1
-1
-1
72
72
72
72
72
72
72
72
72
72
97
97
97
97
97
97
97
97
30
30
30
30
30
30
192
192
192
192
192
192
192
192
192
192
21
21
21
21
21
21
21
21
21
21
107
107
107
107
107
107
107
107
92
92
92
92
92
92
92
244
244
244
244
244
109
109
109
109
109
109
109
0
0
0
0
0
-1
-1
-1
-1
-1
-1
88
88
88
88
88
88
88
88
88
88
88
88
88
-1
-1
86
86
86
86
86
86
86
86
86
86
86
86
-1
-1
-1
-1
-1
-1
-1
-1
-1
-1
-1
-1
-1
-1
-1
-1
-1
-1
-1
-1
-1
-1
-1
-1
-1
-1
-1
-1
-1
-1
-1
19
19
19
19
19
19
19
19
19
19
19
19
19
19
19
19
19
-1
-1
-1
213
213
213
213
213
213
213
213
213
213
213
213
213
93
93
93
93
93
93
93
93
-1
-1
-1
130
130
130
130
130
130
-1
-1
-1
-1
-1
-1
-1
-1
-1
91
91
91
91
91
91
91
91
91
91
91
91
161
161
161
161
161
-1
-1
-1
-1
182
182
182
182
182
-1
-1
-1
-1
108
108
108
108
108
108
121
121
121
121
121
218
218
218
218
218
218
98
98
98
98
98
98
98
134
134
134
134
134
134
101
101
101
101
101
101
101
101
101
101
101
101
101
101
-1
-1
-1
-1
-1
-1
-1
-1
-1
-1
-1
-1
-1
-1
-1
42
42
42
42
42
42
-1
