753
753
753
-1
-1
666
666
666
666
666
666
666
666
666
666
666
666
666
666
666
666
666
666
666
666
666
666
666
666
843
843
843
843
843
843
843
843
843
843
843
843
843
843
843
734
734
734
734
734
734
734
734
734
734
734
734
734
734
734
734
734
734
839
839
839
839
839
839
839
839
839
839
839
839
839
839
839
796
796
796
796
796
796
796
796
796
796
796
796
796
796
796
796
796
796
821
821
821
821
821
821
821
821
821
821
821
821
821
821
821
821
821
821
821
821
743
743
743
743
743
743
743
743
743
743
743
743
743
743
743
743
743
743
743
743
743
743
743
743
743
743
889
889
889
889
889
889
889
889
889
889
889
889
889
889
777
777
777
777
777
777
777
777
777
777
777
777
777
777
777
777
777
777
777
777
777
777
777
777
777
777
777
777
777
777
777
777
777
777
-1
-1
-1
-1
-1
-1
-1
-1
-1
-1
-1
-1
-1
864
864
864
864
864
864
595
595
595
595
595
595
595
595
595
595
595
595
595
868
868
868
868
868
868
868
868
868
868
868
868
868
868
868
-1
-1
-1
-1
-1
-1
-1
-1
794
794
794
794
794
794
794
794
794
73
73
73
73
73
73
73
73
73
35
35
35
35
35
35
35
35
35
35
-1
-1
774
774
774
774
774
774
774
774
774
774
774
774
774
893
893
893
893
893
893
893
893
910
910
910
910
910
910
910
910
910
910
910
910
910
915
915
915
915
915
915
915
915
915
915
915
915
915
915
915
915
915
915
915
791
791
791
791
791
791
791
791
791
791
791
791
791
791
791
914
914
914
914
914
914
914
914
914
914
914
778
778
778
778
778
778
778
778
778
778
778
778
778
778
778
778
778
778
778
778
778
778
778
778
778
778
778
778
778
778
778
778
778
778
778
778
637
637
637
637
637
637
637
637
637
637
637
637
637
637
637
637
637
637
26
26
26
26
26
-1
-1
-1
-1
858
858
858
858
858
858
858
-1
834
834
834
834
834
-1
-1
834
834
834
834
834
888
888
888
888
888
-1
-1
15
15
15
15
15
15
788
788
788
788
788
788
788
788
788
788
788
788
-1
-1
-1
-1
-1
-1
-1
852
852
852
852
852
852
852
852
920
920
920
920
920
920
875
875
875
875
875
875
34
34
34
34
34
34
34
34
34
-1
-1
-1
72
72
72
72
72
72
72
72
72
72
72
72
916
916
916
916
916
916
916
916
916
573
573
573
573
573
573
573
573
573
653
653
653
653
653
653
653
653
653
653
898
898
898
898
898
898
898
898
764
764
764
764
764
764
764
764
764
371
371
371
371
371
903
903
903
903
903
903
903
903
903
622
622
622
622
622
827
827
827
827
827
827
725
725
725
725
725
725
-1
-1
-1
-1
797
797
797
797
797
-1
-1
-1
-1
-1
-1
-1
-1
-1
-1
668
668
668
668
668
-1
-1
-1
-1
-1
-1
-1
-1
-1
-1
-1
-1
-1
-1
-1
-1
-1
-1
-1
-1
-1
-1
-1
-1
-1
-1
-1
-1
-1
19
19
19
19
19
19
19
19
19
19
19
19
19
19
19
19
19
805
805
805
805
805
805
805
805
805
805
805
805
805
93
93
93
93
93
93
93
93
93
93
93
-1
-1
-1
849
849
849
849
849
849
-1
-1
-1
-1
-1
-1
-1
-1
-1
-1
-1
-1
-1
-1
161
161
161
-1
-1
161
161
161
161
-1
-1
-1
863
863
863
863
863
863
-1
-1
-1
-1
810
810
810
810
810
810
835
835
835
835
835
835
789
789
789
789
789
789
803
803
803
803
803
803
803
803
803
803
803
-1
-1
-1
-1
-1
800
800
800
800
800
-1
-1
-1
-1
785
785
785
785
785
-1
-1
765
765
765
765
765
765
765
765
765
765
765
674
674
674
674
674
674
674
674
727
727
727
727
727
727
727
-1
-1
-1
-1
-1
-1
-1
-1
-1
-1
-1
-1
-1
-1
-1
-1
-1
-1
-1
-1
-1
-1
-1
-1
-1
-1
-1
-1
-1
-1
-1
-1
-1
-1
-1
-1
-1
-1
-1
-1
-1
-1
-1
-1
-1
-1
753
-1
-1
-1
753
753
753
753
753
753
753
753
