46
46
46
46
46
46
46
46
46
46
46
46
46
46
46
46
46
51
51
51
51
51
51
51
51
51
135
135
135
135
135
135
135
135
135
135
135
135
135
57
57
57
57
57
57
57
57
57
57
57
40
40
40
40
40
40
40
40
40
40
58
58
58
58
58
58
58
58
58
58
58
58
58
58
58
58
58
58
89
89
89
89
89
89
89
89
89
89
89
89
89
89
89
89
89
89
89
89
89
89
89
89
89
89
89
79
79
79
79
79
79
79
79
79
79
79
79
79
79
79
79
79
79
79
102
102
102
102
102
102
102
102
102
102
102
102
102
102
102
102
102
102
102
102
102
102
102
102
102
102
102
44
44
44
44
44
-1
-1
-1
-1
-1
-1
-1
-1
-1
-1
-1
55
55
55
55
55
55
55
55
55
172
172
172
172
172
172
172
83
83
83
83
83
83
83
83
83
64
64
64
64
64
64
64
64
-1
-1
-1
-1
-1
-1
-1
162
162
162
162
162
162
31
31
31
31
31
73
73
73
73
73
73
73
35
35
35
35
35
35
35
35
35
35
-1
-1
131
131
131
131
131
131
131
131
111
111
111
111
111
111
111
25
25
25
25
25
25
11
11
11
11
11
11
11
11
11
11
8
8
8
8
8
8
8
8
8
8
8
8
28
28
28
28
28
28
28
28
28
28
7
7
7
7
7
7
7
7
7
7
7
7
7
7
7
17
17
17
17
17
17
17
17
17
17
17
17
17
17
17
17
23
23
23
23
23
23
23
23
23
23
23
23
39
39
39
39
39
39
50
50
50
50
50
50
50
50
106
106
106
106
106
106
106
-1
-1
-1
-1
-1
-1
-1
-1
-1
-1
-1
26
26
26
26
26
-1
-1
-1
-1
183
183
183
183
183
183
183
-1
-1
-1
-1
-1
18
18
18
18
18
-1
-1
-1
-1
-1
-1
-1
-1
-1
-1
-1
-1
-1
15
15
15
15
15
15
15
20
20
20
20
20
20
-1
-1
-1
-1
-1
-1
-1
-1
-1
-1
163
163
163
163
163
163
140
140
140
140
140
140
140
140
49
49
49
49
49
49
34
34
34
34
34
34
34
-1
-1
-1
-1
-1
72
72
72
72
72
72
72
72
72
72
72
72
97
97
97
97
97
97
97
97
94
94
94
94
94
94
94
94
94
192
192
192
192
192
192
192
21
21
21
21
21
21
21
21
21
9
9
9
9
9
9
9
9
9
9
9
9
9
69
69
69
69
69
92
92
92
92
92
109
109
109
109
109
-1
-1
-1
-1
-1
-1
-1
88
88
88
88
88
88
88
88
88
88
88
88
88
-1
-1
-1
-1
-1
-1
86
86
86
86
86
86
86
86
86
86
86
-1
-1
-1
-1
-1
-1
-1
-1
-1
-1
-1
-1
-1
-1
-1
-1
-1
-1
-1
-1
-1
-1
-1
-1
-1
-1
-1
-1
-1
-1
-1
-1
19
19
19
19
19
19
19
19
80
80
80
80
80
80
80
80
80
80
80
80
104
104
104
104
104
104
104
104
104
104
104
104
93
93
93
93
93
93
93
93
93
-1
-1
-1
130
130
130
130
130
130
-1
-1
-1
-1
-1
-1
-1
-1
-1
91
91
91
91
91
91
91
-1
-1
70
70
70
70
70
70
-1
-1
-1
100
100
100
100
100
143
143
143
143
143
-1
-1
-1
-1
108
108
108
108
108
108
121
121
121
121
121
121
128
128
128
128
128
128
98
98
98
98
98
98
98
98
-1
-1
-1
-1
101
101
101
101
101
101
101
101
101
101
101
101
101
101
-1
-1
-1
-1
-1
-1
-1
-1
-1
-1
-1
-1
-1
-1
-1
-1
-1
-1
-1
-1
