753
753
753
753
-1
666
666
666
666
666
666
666
666
735
735
735
735
735
735
735
735
735
735
735
735
735
671
671
671
671
671
671
671
671
734
734
734
734
734
734
734
734
734
734
734
734
734
734
734
734
734
256
256
256
256
256
256
256
256
256
256
256
256
256
717
717
717
717
717
717
717
717
717
796
796
796
796
796
796
796
796
796
796
796
796
778
778
778
778
778
778
778
778
778
778
778
778
663
663
663
663
663
663
663
663
663
663
663
663
663
663
663
663
663
663
663
663
663
663
663
663
663
663
663
663
663
663
743
743
743
743
743
743
743
743
743
743
743
743
743
743
743
743
743
743
743
637
637
637
637
637
637
637
637
637
637
637
637
637
637
637
637
637
637
637
637
637
637
637
637
637
637
637
637
637
637
637
637
531
531
531
531
531
531
531
268
268
268
268
268
268
-1
-1
-1
-1
-1
-1
-1
-1
-1
-1
-1
505
505
505
505
505
505
737
737
737
737
737
737
737
737
595
595
595
595
595
595
595
595
595
595
361
361
361
361
361
361
361
361
361
361
-1
-1
-1
-1
-1
-1
-1
-1
619
619
619
619
619
619
484
484
484
484
484
73
73
73
73
73
73
73
35
35
35
35
35
35
35
35
35
35
-1
-1
567
567
567
567
567
567
567
567
567
567
567
358
358
358
358
358
358
358
358
358
358
358
358
358
341
341
341
341
341
341
341
341
341
341
563
563
563
563
563
563
563
563
563
208
208
208
208
208
208
208
208
208
208
791
791
791
791
791
791
791
791
791
791
791
791
479
479
479
479
479
479
479
479
479
479
479
479
479
479
479
479
479
479
628
628
628
628
628
628
628
628
628
628
628
628
628
628
39
39
39
39
39
50
50
50
50
50
50
50
50
50
50
50
50
50
50
50
-1
-1
-1
-1
-1
-1
-1
26
-1
-1
-1
26
26
26
26
26
-1
-1
-1
-1
183
183
183
183
183
183
183
183
-1
457
457
457
457
457
457
457
-1
-1
-1
-1
732
732
732
732
732
732
732
-1
-1
-1
770
770
770
770
770
770
20
20
20
20
20
20
-1
-1
-1
-1
-1
-1
-1
-1
-1
-1
417
417
417
417
417
417
417
486
486
486
486
486
486
486
88
88
88
88
88
88
88
88
707
707
707
707
707
707
707
-1
-1
-1
-1
-1
72
72
72
72
72
72
72
72
72
72
729
729
729
729
729
729
729
729
729
573
573
573
573
573
573
573
573
573
441
441
441
441
441
441
441
653
653
653
653
653
653
653
653
653
349
349
349
349
349
349
349
349
788
788
788
788
788
788
788
697
697
697
697
697
697
697
697
697
697
697
697
697
697
697
-1
-1
-1
-1
-1
-1
-1
-1
-1
-1
-1
-1
-1
-1
-1
-1
-1
-1
-1
-1
-1
-1
-1
19
19
19
19
19
19
19
19
19
19
19
19
19
19
19
19
19
19
19
19
80
80
80
80
80
80
80
80
80
80
93
93
93
93
93
93
93
93
93
93
93
-1
-1
-1
-1
519
519
519
519
519
519
669
669
669
669
669
669
669
669
669
669
669
669
669
669
669
669
669
669
669
669
669
669
669
669
669
669
669
669
669
669
669
669
669
669
669
669
669
669
669
810
810
810
810
810
810
810
810
-1
-1
-1
-1
766
766
766
766
766
766
766
766
766
766
-1
-1
-1
-1
803
803
803
803
803
803
803
-1
-1
-1
-1
-1
-1
-1
-1
-1
-1
-1
-1
-1
776
776
776
776
776
776
776
776
776
776
776
776
776
776
776
-1
-1
-1
736
736
736
736
736
736
736
736
736
736
736
736
-1
-1
-1
-1
-1
-1
-1
-1
-1
-1
-1
-1
-1
-1
-1
-1
-1
-1
-1
-1
-1
-1
-1
-1
-1
-1
-1
-1
-1
-1
-1
-1
-1
-1
-1
-1
-1
-1
-1
-1
-1
-1
-1
-1
-1
-1
-1
-1
-1
-1
-1
-1
-1
-1
-1
-1
-1
-1
753
753
753
753
753
753
753
