256
256
256
256
256
256
256
256
570
570
570
570
570
570
570
570
570
570
570
570
570
526
526
526
526
526
526
526
526
526
526
526
569
569
569
569
569
569
569
569
569
569
569
569
569
412
412
412
412
412
412
412
412
412
412
412
412
412
412
412
412
620
620
620
620
620
620
620
620
620
620
620
6
6
6
6
6
6
6
6
6
6
6
6
6
6
6
6
6
6
6
6
6
6
6
6
615
615
615
615
615
615
615
615
615
615
615
615
615
615
615
531
531
531
531
531
531
531
531
531
531
531
531
531
531
531
531
531
531
268
268
268
268
268
268
268
268
268
268
268
268
268
-1
-1
-1
-1
-1
-1
-1
-1
-1
-1
-1
-1
-1
-1
-1
-1
-1
-1
505
505
505
505
505
505
505
505
505
586
586
586
586
586
586
586
586
586
586
586
618
618
618
618
618
618
618
618
618
361
361
361
361
361
-1
-1
-1
-1
-1
-1
-1
-1
-1
-1
-1
-1
-1
-1
484
484
484
484
484
484
73
73
73
73
73
73
73
35
35
35
35
35
35
35
35
35
35
-1
-1
567
567
567
567
567
567
567
567
567
341
341
341
341
341
341
341
341
341
341
358
358
358
358
358
563
563
563
563
563
563
563
563
563
326
326
326
326
326
326
326
326
326
326
208
208
208
208
208
208
208
208
208
208
596
596
596
596
596
596
596
596
596
596
596
596
596
596
596
479
479
479
479
479
479
479
479
588
588
588
588
588
588
588
588
588
588
628
628
628
628
628
628
628
628
628
628
39
39
39
39
39
39
50
50
50
50
50
50
50
50
106
106
106
106
106
106
106
-1
-1
-1
-1
-1
-1
-1
-1
-1
-1
-1
-1
26
26
26
26
26
26
-1
-1
-1
-1
183
183
183
183
183
183
183
-1
-1
457
457
-1
457
457
457
457
457
-1
-1
-1
-1
-1
-1
-1
-1
-1
-1
-1
-1
-1
-1
15
15
15
15
15
15
15
20
20
20
20
20
20
20
-1
-1
-1
-1
-1
-1
-1
-1
-1
-1
-1
310
310
310
310
310
486
486
486
486
486
486
486
486
49
49
49
49
49
49
34
34
34
34
34
34
34
-1
-1
-1
-1
-1
72
72
72
72
72
72
72
72
72
72
72
72
97
97
97
97
97
97
97
97
633
633
633
633
633
633
633
633
441
441
441
441
441
441
441
441
573
573
573
573
573
573
573
573
573
584
584
584
584
584
584
584
584
349
349
349
349
349
0
0
0
0
0
371
371
371
371
371
622
622
622
622
622
-1
-1
-1
-1
-1
-1
-1
88
88
88
88
88
88
88
88
88
-1
-1
-1
-1
-1
-1
-1
-1
-1
-1
86
86
86
86
86
86
86
86
86
86
86
-1
-1
-1
-1
-1
-1
-1
-1
-1
-1
-1
-1
-1
-1
-1
-1
-1
-1
-1
-1
-1
-1
-1
-1
-1
-1
-1
-1
-1
-1
-1
-1
19
19
19
19
19
19
19
19
19
19
19
19
19
19
19
19
19
-1
-1
-1
93
93
93
93
93
93
93
93
93
93
93
93
93
93
80
80
80
80
80
80
80
-1
-1
-1
130
130
130
130
130
130
-1
-1
-1
-1
-1
-1
-1
-1
-1
-1
519
519
519
519
519
519
519
-1
-1
-1
161
161
161
161
161
-1
-1
-1
516
516
516
516
516
516
-1
-1
-1
-1
108
108
108
108
108
108
121
121
121
121
121
-1
-1
-1
-1
-1
-1
-1
-1
-1
-1
640
640
640
640
640
640
579
579
579
579
579
579
579
579
579
579
579
579
658
658
658
658
658
658
658
658
658
658
658
658
657
657
657
657
657
657
657
657
657
657
637
637
637
637
637
637
637
637
637
637
637
637
637
637
