753
753
753
-1
-1
666
666
666
666
666
666
666
666
666
666
666
666
666
735
735
735
735
735
735
735
735
735
735
671
671
671
671
671
671
671
671
671
671
671
671
671
671
671
734
734
734
734
734
734
734
734
734
734
734
734
256
256
256
256
256
256
256
256
256
717
717
717
717
717
717
717
717
717
717
717
717
796
796
796
796
796
796
796
796
796
796
796
796
818
818
818
818
818
818
818
818
818
818
818
821
821
821
821
821
821
821
821
821
821
821
821
821
821
821
821
743
743
743
743
743
743
743
743
743
743
743
743
743
743
743
743
743
743
777
777
777
777
777
777
777
777
777
777
777
777
777
777
777
777
777
777
777
637
637
637
637
637
637
637
637
637
637
637
637
637
637
637
637
618
618
618
618
618
618
618
618
618
618
618
618
618
361
361
361
361
361
361
361
361
-1
-1
-1
-1
-1
-1
-1
619
619
619
619
619
619
-1
-1
-1
73
73
73
73
73
73
73
73
73
35
35
35
35
35
35
35
35
35
35
-1
-1
567
567
567
567
567
567
567
567
358
358
358
358
358
358
358
358
819
819
819
819
819
819
819
819
819
819
341
341
341
341
341
341
341
341
341
341
208
208
208
208
208
208
208
208
208
208
208
208
208
208
208
208
208
791
791
791
791
791
791
791
791
791
791
791
791
791
791
791
479
479
479
479
479
479
479
479
479
831
831
831
831
831
831
831
831
831
831
831
628
628
628
628
628
628
628
628
628
39
39
39
39
39
50
50
50
50
50
50
50
50
50
50
50
50
50
50
50
-1
-1
-1
-1
-1
-1
-1
-1
26
-1
-1
26
26
26
26
26
-1
-1
-1
-1
183
183
183
183
183
183
183
-1
-1
457
457
457
457
457
-1
-1
-1
-1
-1
770
770
770
770
770
825
825
825
825
825
15
15
15
15
15
15
15
20
20
20
20
20
20
88
88
88
88
88
88
-1
-1
-1
669
669
669
669
669
669
669
669
669
669
669
669
669
669
669
669
669
669
669
669
751
751
751
751
751
751
751
751
751
751
751
751
751
751
751
751
751
751
751
833
833
833
833
833
833
833
833
833
833
833
833
833
833
833
833
833
833
833
833
833
833
833
744
744
744
744
744
744
371
371
371
371
371
371
371
371
622
622
622
622
622
764
764
764
764
764
764
764
764
764
706
706
706
706
706
706
828
828
828
828
828
828
828
742
742
742
742
742
-1
-1
-1
-1
-1
-1
-1
-1
-1
-1
-1
-1
-1
-1
-1
-1
-1
-1
-1
-1
-1
-1
-1
-1
-1
-1
-1
-1
-1
-1
-1
-1
-1
-1
-1
-1
-1
-1
-1
-1
-1
-1
-1
-1
-1
-1
-1
19
19
19
19
19
19
19
19
19
19
19
19
19
19
817
817
817
817
817
817
817
817
817
93
93
93
93
93
93
93
93
93
93
93
93
93
93
519
519
519
519
519
519
519
519
519
519
130
130
130
130
130
-1
-1
-1
-1
-1
-1
736
736
736
736
736
736
736
736
736
736
736
736
736
736
736
736
736
736
736
736
736
736
736
813
813
813
813
813
813
813
813
813
-1
-1
-1
-1
-1
-1
-1
-1
766
766
766
766
766
766
766
766
766
766
766
766
809
809
809
809
809
809
809
789
789
789
789
789
789
803
803
803
803
803
803
-1
-1
-1
776
776
776
776
776
776
776
776
776
776
776
776
776
-1
-1
-1
-1
765
765
765
765
765
765
765
765
765
765
765
765
681
681
681
681
681
681
681
-1
-1
681
681
681
-1
-1
-1
-1
-1
-1
-1
-1
-1
-1
-1
-1
-1
-1
-1
-1
-1
-1
-1
-1
-1
-1
-1
-1
-1
-1
-1
-1
-1
-1
-1
-1
-1
-1
-1
-1
-1
-1
-1
-1
-1
-1
-1
-1
-1
-1
-1
-1
-1
-1
-1
-1
-1
753
753
753
753
753
753
753
