46
46
46
46
46
46
46
46
46
46
46
51
51
51
51
51
51
51
51
51
51
51
51
57
57
57
57
57
57
57
57
57
57
57
57
57
57
57
57
103
103
103
103
103
103
103
103
103
103
40
40
40
40
40
40
40
32
32
32
32
32
32
32
32
32
32
58
58
58
58
58
58
58
58
6
6
6
6
6
6
6
6
6
6
6
6
6
6
6
6
6
6
6
89
89
89
89
89
89
89
89
89
89
89
89
89
89
79
79
79
79
79
79
79
79
79
79
79
79
79
79
102
102
102
102
102
102
102
102
102
102
102
102
102
102
102
102
102
102
102
102
102
102
102
2
2
2
2
2
-1
-1
-1
-1
-1
-1
-1
-1
-1
-1
-1
-1
55
55
55
55
55
24
24
24
24
24
24
24
64
64
64
64
64
64
64
64
-1
-1
-1
-1
83
83
83
83
83
83
83
83
83
83
-1
-1
-1
-1
117
117
117
117
117
96
96
96
96
96
31
31
31
31
31
73
73
73
73
73
73
73
35
35
35
35
35
35
35
35
35
35
-1
-1
48
48
48
48
48
48
48
111
111
111
111
111
111
111
11
11
11
11
11
11
11
11
11
11
25
25
25
25
25
25
25
25
25
8
8
8
8
8
8
28
28
28
28
28
28
28
28
28
28
28
28
28
28
118
118
118
118
118
118
118
118
118
118
118
118
118
118
118
17
17
17
17
17
17
17
17
17
129
129
129
129
129
129
129
129
129
129
129
23
23
23
23
23
23
23
23
23
-1
-1
-1
-1
50
50
50
50
50
50
50
50
106
106
106
106
106
106
106
-1
-1
-1
-1
-1
-1
-1
-1
-1
26
26
26
26
26
-1
-1
-1
-1
43
43
43
43
43
43
43
-1
-1
-1
-1
18
18
18
18
18
18
-1
-1
-1
-1
-1
-1
-1
-1
-1
-1
-1
15
15
15
15
15
15
15
20
20
20
20
20
20
-1
-1
-1
-1
-1
-1
-1
-1
-1
-1
-1
10
10
10
10
10
10
10
10
10
87
87
87
87
87
87
49
49
49
49
49
34
34
34
34
34
34
34
-1
-1
-1
-1
-1
-1
72
72
72
72
72
72
72
72
72
72
97
97
97
97
97
97
97
97
30
30
30
30
30
94
94
94
94
94
94
94
94
94
94
94
21
21
21
21
21
21
21
21
21
21
9
9
9
9
9
9
9
9
107
107
107
107
107
107
92
92
92
92
92
69
69
69
69
69
69
69
109
109
109
109
109
109
-1
-1
-1
88
88
88
88
88
88
88
88
88
88
88
88
88
-1
-1
-1
-1
-1
86
86
86
86
86
86
86
86
86
86
86
86
-1
-1
-1
-1
-1
-1
-1
-1
-1
-1
-1
-1
-1
-1
-1
-1
-1
-1
-1
-1
-1
-1
-1
-1
-1
-1
-1
-1
-1
-1
-1
-1
19
19
19
19
19
19
19
19
19
19
19
19
19
19
19
19
19
-1
-1
-1
80
80
80
80
80
80
80
80
80
80
80
80
93
93
93
93
93
93
93
93
93
-1
-1
-1
130
130
130
130
130
130
91
91
91
91
91
91
91
91
91
91
91
91
91
91
91
-1
-1
-1
-1
-1
-1
-1
-1
-1
-1
-1
-1
54
54
54
54
54
54
-1
-1
-1
-1
108
108
108
108
108
121
121
121
121
121
121
121
128
128
128
128
128
128
128
128
98
98
98
98
98
98
98
-1
-1
-1
-1
-1
101
101
101
101
101
101
101
101
101
101
101
101
101
101
101
101
-1
-1
-1
-1
-1
-1
-1
-1
-1
-1
-1
-1
-1
-1
42
42
42
42
42
42
42
42
-1
