753
753
753
753
-1
666
666
666
666
666
666
666
666
666
666
666
666
666
666
666
735
735
735
735
735
735
735
735
735
735
735
735
735
735
735
735
735
735
735
735
734
734
734
734
734
734
734
734
734
734
734
734
843
843
843
843
843
843
843
843
843
843
843
843
839
839
839
839
839
839
839
839
839
839
839
839
839
839
839
919
919
919
919
919
919
919
919
919
919
919
919
919
919
919
919
919
821
821
821
821
821
821
821
821
821
821
821
821
821
821
821
821
821
821
821
777
777
777
777
777
777
777
777
777
777
777
777
777
777
777
777
777
777
777
777
777
777
777
777
777
777
777
889
889
889
889
889
889
889
889
889
889
889
889
889
889
889
889
889
889
889
889
531
531
531
531
531
531
531
531
531
531
531
531
531
531
531
531
531
531
531
531
531
531
531
531
268
268
268
268
268
-1
-1
-1
-1
-1
-1
-1
-1
-1
-1
-1
-1
-1
864
864
864
864
864
864
864
864
864
864
879
879
879
879
879
879
879
595
595
595
595
595
595
595
595
595
595
595
868
868
868
868
868
-1
-1
-1
-1
-1
-1
-1
-1
794
794
794
794
794
794
794
73
73
73
73
73
73
73
73
73
73
73
35
35
35
35
35
35
35
35
35
35
-1
-1
899
899
899
899
899
899
899
774
774
774
774
774
774
774
774
893
893
893
893
893
893
893
893
893
893
893
893
893
893
893
893
910
910
910
910
910
910
910
910
910
910
910
910
910
910
910
910
910
910
910
910
910
910
791
791
791
791
791
791
791
791
791
791
791
791
791
791
791
914
914
914
914
914
914
914
914
914
914
914
914
914
914
914
914
928
928
928
928
928
928
928
928
928
928
928
928
930
930
930
930
930
326
326
326
326
326
326
326
326
326
326
326
326
326
326
326
-1
-1
-1
-1
-1
-1
-1
-1
-1
-1
-1
944
944
944
944
944
944
-1
-1
-1
944
944
778
778
778
778
778
778
778
778
778
778
637
637
637
637
637
637
637
955
955
-1
-1
955
955
955
-1
-1
-1
-1
-1
-1
953
953
953
953
953
-1
-1
953
953
953
953
953
952
952
952
952
952
952
952
952
952
34
34
34
34
34
34
34
34
34
852
852
852
852
852
852
852
875
875
875
875
875
875
486
486
486
486
486
486
486
486
486
-1
-1
-1
927
927
927
927
927
927
927
927
927
927
927
927
927
927
927
927
927
927
927
927
929
929
929
929
929
929
929
929
929
959
959
959
959
959
959
959
959
653
653
653
653
653
653
653
653
764
764
764
764
764
764
764
764
764
764
764
764
764
764
943
943
943
943
943
943
943
943
943
943
622
622
622
622
622
622
622
622
827
827
827
827
827
827
939
939
939
939
939
939
932
932
932
932
932
-1
-1
-1
-1
-1
-1
-1
-1
-1
-1
-1
-1
-1
-1
668
668
668
668
668
-1
-1
-1
-1
-1
-1
-1
-1
-1
-1
-1
-1
-1
-1
-1
-1
-1
-1
-1
-1
-1
-1
-1
-1
-1
-1
-1
-1
-1
19
19
19
19
19
19
19
19
19
19
19
19
19
19
19
19
19
805
805
805
805
805
805
805
805
805
805
805
805
805
805
805
805
805
805
805
805
805
805
805
805
-1
-1
-1
849
849
849
849
849
849
-1
-1
-1
849
-1
-1
-1
-1
-1
-1
-1
-1
-1
-1
161
161
-1
-1
161
161
161
161
848
848
848
848
848
-1
-1
-1
-1
-1
-1
-1
-1
810
810
810
810
810
810
810
810
810
810
810
789
789
789
789
789
789
789
789
789
789
803
803
803
803
803
803
803
803
803
-1
-1
-1
-1
-1
938
938
938
938
938
938
938
938
-1
-1
-1
-1
-1
-1
-1
765
765
765
765
765
765
765
765
765
765
765
765
765
765
674
674
674
674
674
674
674
674
674
674
674
-1
-1
-1
-1
-1
-1
-1
-1
-1
-1
-1
-1
-1
-1
-1
-1
-1
-1
-1
-1
-1
-1
-1
-1
-1
-1
-1
-1
-1
-1
-1
-1
-1
-1
-1
-1
-1
-1
-1
-1
-1
-1
-1
-1
-1
-1
-1
753
-1
-1
-1
-1
753
753
753
753
753
753
753
