669
669
669
669
669
669
666
666
666
666
666
666
666
666
666
666
666
666
666
666
666
666
666
666
666
666
666
666
666
697
697
697
697
697
697
697
697
697
697
697
697
671
671
671
671
671
671
671
671
671
671
671
671
671
256
256
256
256
256
256
256
256
256
256
717
717
717
717
717
717
717
717
717
717
717
717
717
717
663
663
663
663
663
663
663
663
663
663
663
663
663
663
663
663
663
663
663
663
663
663
663
663
663
663
663
663
663
663
620
620
620
620
620
620
637
637
637
637
637
637
637
637
637
637
637
637
637
637
637
637
637
637
637
637
637
637
637
637
637
637
637
637
637
637
637
637
637
637
531
531
531
531
531
531
531
531
531
531
531
531
531
531
531
531
268
268
268
268
268
268
268
268
268
268
268
268
268
268
268
268
268
268
268
268
268
268
268
-1
-1
-1
-1
-1
-1
-1
-1
-1
-1
-1
-1
-1
-1
-1
-1
-1
505
505
505
505
505
505
505
505
505
505
505
505
505
595
595
595
595
595
595
595
595
595
595
595
595
361
361
361
361
361
361
361
361
-1
-1
-1
-1
-1
-1
-1
-1
484
484
484
484
484
484
484
619
619
619
619
619
73
73
73
73
73
73
73
35
35
35
35
35
35
35
35
35
35
-1
-1
524
524
524
524
524
524
524
524
524
524
524
341
341
341
341
341
341
341
341
341
563
563
563
563
563
563
563
563
563
563
563
563
563
563
563
563
208
208
208
208
208
208
208
208
208
208
208
208
208
208
208
208
208
596
596
596
596
596
596
596
596
596
596
596
596
596
596
596
588
588
588
588
588
588
588
588
588
588
588
588
588
588
588
588
588
588
588
479
479
479
479
479
479
479
479
479
39
39
39
39
39
50
50
50
50
50
50
50
50
50
50
50
50
50
50
50
50
-1
-1
-1
-1
-1
-1
-1
-1
26
-1
-1
-1
26
26
26
26
26
26
-1
-1
-1
183
183
183
183
183
183
183
183
183
-1
183
-1
457
457
457
457
457
-1
-1
-1
-1
-1
-1
-1
-1
-1
-1
-1
-1
-1
15
15
15
15
15
15
15
20
20
20
20
20
20
-1
-1
-1
-1
-1
-1
-1
-1
-1
-1
-1
-1
310
310
310
310
310
310
310
486
486
486
486
486
486
486
49
49
49
49
49
49
34
34
34
34
34
34
34
34
-1
-1
-1
72
72
72
72
72
72
72
72
72
72
72
72
72
72
72
72
72
72
72
72
633
633
633
633
633
633
633
633
441
441
441
441
441
441
441
441
573
573
573
573
573
573
573
573
573
0
0
0
0
0
0
0
0
349
349
349
349
349
349
349
371
371
371
371
371
371
371
371
92
92
92
92
92
92
92
92
92
-1
-1
-1
706
706
706
706
706
706
88
88
88
88
88
88
88
88
88
-1
-1
-1
86
86
86
86
86
86
86
86
-1
-1
-1
-1
-1
-1
-1
-1
-1
-1
-1
-1
-1
-1
-1
-1
-1
-1
-1
-1
-1
-1
-1
-1
-1
-1
-1
-1
-1
-1
-1
-1
-1
-1
-1
19
19
19
19
19
19
19
19
19
19
93
93
93
93
93
93
93
93
93
93
93
93
93
93
93
93
93
80
80
80
80
80
80
80
80
80
80
80
80
80
80
-1
-1
-1
130
130
130
130
130
130
-1
-1
-1
-1
519
519
519
519
519
519
519
-1
519
718
718
718
718
718
718
718
718
718
718
718
718
718
718
718
718
718
718
718
718
718
718
718
718
14
14
14
14
14
14
108
108
108
108
108
108
108
108
108
579
579
579
579
579
579
579
579
579
579
579
579
579
579
579
579
-1
-1
-1
703
658
658
658
658
658
658
658
658
658
658
658
-1
-1
-1
-1
-1
660
660
660
703
703
703
703
703
703
660
660
660
660
707
707
707
707
707
707
707
707
707
707
707
707
707
707
707
707
674
674
674
674
674
674
674
-1
-1
-1
-1
-1
-1
-1
-1
-1
-1
-1
-1
-1
-1
-1
-1
-1
-1
-1
-1
-1
-1
-1
-1
-1
-1
-1
-1
-1
-1
-1
-1
-1
-1
-1
-1
-1
-1
-1
-1
-1
-1
-1
-1
-1
-1
-1
-1
-1
-1
669
669
669
669
669
669
669
669
669
