753
753
753
753
-1
666
666
666
666
666
666
666
666
666
666
735
735
735
735
735
735
735
735
735
735
735
735
735
735
735
735
735
735
735
735
735
735
843
843
843
843
843
843
843
843
843
843
843
843
843
843
843
734
734
734
734
734
734
734
734
734
734
734
734
839
839
839
839
839
839
839
839
839
839
839
839
839
839
839
839
796
796
796
796
796
796
796
796
796
796
796
796
818
818
818
818
818
818
818
818
818
818
818
821
821
821
821
821
821
821
821
821
821
821
821
743
743
743
743
743
743
743
743
743
743
743
743
743
743
743
743
743
743
743
743
743
743
743
743
743
743
743
777
777
777
777
777
777
777
777
777
777
777
777
777
777
777
777
777
777
777
777
777
777
777
777
777
777
531
531
531
531
531
531
531
531
531
531
531
531
531
531
531
531
531
531
-1
-1
-1
-1
-1
-1
-1
-1
-1
-1
-1
-1
-1
-1
-1
-1
-1
-1
595
595
595
595
595
595
595
595
595
864
864
864
864
864
864
864
864
864
864
864
864
868
868
868
868
868
868
868
868
868
868
868
868
-1
-1
-1
872
872
872
872
872
-1
-1
-1
484
484
484
484
484
484
73
73
73
73
73
73
73
35
35
35
35
35
35
35
35
35
35
-1
-1
774
774
774
774
774
774
774
899
899
899
899
899
899
899
899
899
899
893
893
893
893
893
893
893
893
637
637
637
637
637
637
637
637
637
637
637
637
637
637
637
637
637
637
637
637
637
637
637
637
637
637
637
637
637
637
637
637
637
637
637
637
791
791
791
791
791
791
791
791
791
791
778
778
778
778
778
778
778
778
778
778
778
778
778
778
778
778
778
778
778
778
778
778
778
778
778
778
778
778
778
778
778
778
778
778
778
778
778
326
326
326
326
326
326
326
326
326
326
-1
-1
-1
-1
-1
-1
-1
26
-1
-1
26
26
26
26
26
26
-1
-1
-1
-1
888
888
888
888
888
888
888
-1
834
834
834
834
834
834
834
-1
-1
-1
-1
-1
776
776
776
776
776
776
776
776
833
833
833
833
833
833
833
833
833
751
751
751
751
751
751
751
751
751
751
751
895
895
895
895
895
895
895
895
852
852
852
852
852
852
890
890
890
890
890
890
890
890
890
875
875
875
875
875
875
34
34
34
34
34
34
34
-1
-1
-1
-1
-1
729
729
729
729
729
729
729
729
729
729
729
729
72
72
72
72
72
72
72
72
573
573
573
573
573
573
573
573
573
573
573
573
573
573
573
653
653
653
653
653
653
653
653
653
653
898
898
898
898
898
898
898
898
788
788
788
788
788
788
788
788
788
788
788
788
788
788
788
788
788
840
840
840
840
840
840
840
840
840
-1
-1
-1
766
766
766
766
766
766
766
766
766
766
766
766
766
766
766
766
766
766
766
766
766
766
766
-1
-1
-1
-1
-1
-1
-1
-1
-1
-1
-1
-1
-1
-1
-1
-1
-1
-1
-1
-1
-1
-1
-1
-1
-1
-1
-1
-1
-1
-1
-1
-1
-1
-1
-1
19
19
19
19
19
19
19
19
19
19
19
19
19
19
19
19
19
19
19
19
93
93
93
93
93
93
93
93
93
93
93
93
93
93
93
93
93
93
93
93
93
-1
-1
-1
849
849
849
849
849
849
-1
-1
-1
-1
-1
822
822
-1
-1
-1
-1
-1
-1
-1
161
161
822
822
822
161
161
161
161
161
161
161
848
848
848
848
848
848
848
-1
-1
-1
-1
-1
-1
-1
810
810
810
810
810
810
835
835
835
835
835
835
789
789
789
789
789
789
803
803
803
803
803
803
803
803
803
803
803
-1
-1
-1
-1
-1
745
745
745
745
745
745
745
-1
785
785
785
785
785
-1
785
765
765
765
765
765
765
765
765
765
765
765
674
674
674
674
674
674
674
674
811
811
811
811
811
811
-1
-1
-1
-1
-1
-1
-1
-1
-1
-1
-1
-1
-1
-1
-1
-1
-1
-1
-1
-1
-1
-1
-1
-1
-1
-1
-1
-1
-1
-1
-1
-1
-1
-1
-1
-1
815
815
815
815
815
-1
-1
-1
-1
-1
753
-1
-1
-1
-1
753
753
753
753
753
753
753
