256
256
256
256
256
256
256
256
256
256
256
256
256
256
256
51
51
51
51
51
51
51
51
135
135
135
135
135
135
135
135
135
57
57
57
57
57
57
57
57
57
347
347
347
347
347
347
347
347
347
347
347
347
347
347
365
365
365
365
365
365
365
365
365
365
216
216
216
216
216
216
216
216
216
216
216
6
6
6
6
6
6
6
6
6
6
6
6
6
6
6
6
6
89
89
89
89
89
89
89
89
89
89
89
89
89
89
89
89
89
89
367
367
367
367
367
367
367
367
367
367
367
367
367
367
367
367
268
268
268
268
268
268
268
268
268
268
268
268
268
268
268
268
268
268
268
268
268
-1
-1
-1
-1
-1
-1
-1
-1
-1
-1
-1
-1
-1
-1
-1
243
243
243
243
243
243
243
243
243
67
67
67
67
67
67
67
67
361
361
361
361
361
361
361
361
361
361
137
137
137
137
137
137
137
-1
-1
-1
-1
-1
-1
-1
-1
272
272
272
272
272
272
272
324
324
324
324
324
73
73
73
73
73
73
73
35
35
35
35
35
35
35
35
35
35
-1
-1
131
131
131
131
131
131
131
131
131
298
298
298
298
298
298
298
298
298
298
298
298
341
341
341
341
341
341
341
341
341
341
326
326
326
326
326
326
326
326
326
326
326
326
208
208
208
208
208
208
208
208
208
208
319
319
319
319
319
319
319
319
319
319
319
319
319
319
319
7
7
7
7
7
7
7
7
7
7
7
7
7
129
129
129
129
129
129
129
129
129
129
129
129
129
129
129
39
39
39
39
39
50
50
50
50
50
50
50
50
106
106
106
106
106
106
106
-1
-1
-1
-1
-1
-1
-1
-1
-1
-1
-1
-1
26
26
26
26
26
-1
-1
-1
-1
183
183
183
183
183
183
183
-1
-1
-1
-1
18
18
18
18
18
-1
-1
-1
-1
-1
-1
-1
-1
-1
-1
-1
-1
-1
15
15
15
15
15
15
15
20
20
20
20
20
20
-1
-1
-1
-1
-1
-1
-1
-1
-1
-1
-1
310
310
310
310
310
310
310
310
140
140
140
140
140
140
140
49
49
49
49
49
49
34
34
34
34
34
-1
-1
-1
-1
-1
-1
72
72
72
72
72
72
72
72
72
72
72
72
97
97
97
97
97
97
97
97
386
386
386
386
386
386
386
386
386
386
386
352
352
352
352
352
69
69
69
69
69
69
69
69
69
107
107
107
107
107
107
107
107
107
107
107
107
107
283
283
283
283
283
-1
-1
-1
-1
349
349
349
349
349
349
-1
-1
-1
-1
109
109
109
109
109
109
88
88
88
88
88
88
88
88
88
88
88
88
88
88
-1
-1
86
86
86
86
86
86
86
86
86
86
86
86
-1
-1
-1
-1
-1
-1
-1
-1
-1
-1
-1
-1
-1
-1
-1
-1
-1
-1
-1
-1
-1
-1
-1
-1
-1
-1
-1
-1
-1
-1
-1
19
19
19
19
19
19
19
19
19
19
19
19
369
369
369
369
369
369
369
369
93
93
93
93
93
93
93
93
93
93
93
93
80
80
80
80
80
80
80
80
80
-1
-1
-1
130
130
130
130
130
130
-1
-1
-1
-1
-1
-1
-1
-1
-1
340
340
340
340
340
340
340
340
340
340
340
340
-1
-1
-1
-1
-1
-1
-1
-1
301
301
301
301
301
301
-1
-1
-1
-1
108
108
108
108
108
108
121
121
121
121
121
121
218
218
218
218
218
218
364
364
364
364
364
364
364
-1
-1
-1
164
164
164
164
164
164
164
164
164
164
164
164
164
164
164
164
164
164
-1
-1
-1
-1
-1
-1
-1
-1
-1
-1
-1
-1
-1
-1
42
42
42
42
42
