753
753
753
753
-1
666
666
666
666
666
666
666
666
666
666
666
666
671
671
671
671
671
671
671
671
671
671
671
671
671
671
843
843
843
843
843
843
843
843
843
843
734
734
734
734
734
734
734
734
734
734
734
734
734
734
734
734
734
734
734
734
734
734
734
839
839
839
839
839
839
839
839
839
839
839
839
839
839
839
839
839
839
796
796
796
796
796
796
796
796
796
796
796
796
796
796
796
796
796
796
796
796
821
821
821
821
821
821
821
821
821
821
821
821
821
743
743
743
743
743
743
743
743
743
743
743
743
743
743
743
743
743
743
743
743
743
743
743
743
743
743
743
743
889
889
889
889
889
889
889
889
889
889
889
889
889
889
889
889
889
889
889
889
889
889
889
889
889
889
889
889
889
777
777
777
777
777
777
777
777
777
777
777
777
777
777
777
777
-1
-1
-1
-1
-1
-1
-1
-1
-1
-1
-1
-1
-1
-1
-1
-1
595
595
595
595
595
595
595
595
864
864
864
864
864
864
864
864
864
879
879
879
879
879
879
868
868
868
868
868
868
868
868
868
868
-1
-1
-1
-1
887
887
887
887
887
794
794
794
794
794
794
73
73
73
73
73
73
73
73
73
73
73
35
35
35
35
35
35
35
35
35
35
-1
-1
774
774
774
774
774
774
774
774
774
899
899
899
899
899
899
899
899
899
899
899
899
899
899
899
893
893
893
893
893
893
893
910
910
910
910
910
910
910
910
910
910
910
910
915
915
915
915
915
915
915
915
915
915
791
791
791
791
791
791
791
791
791
791
791
791
914
914
914
914
914
914
914
914
778
778
778
778
778
778
778
778
778
778
778
778
778
778
778
778
778
778
778
778
778
778
778
778
778
778
778
778
778
778
778
778
778
778
778
778
778
778
778
326
326
326
326
326
326
-1
-1
-1
-1
-1
-1
-1
-1
26
-1
-1
26
26
26
26
26
26
-1
-1
-1
-1
858
858
858
858
858
858
858
-1
-1
858
858
-1
-1
904
904
904
904
904
904
-1
904
904
904
904
904
-1
-1
-1
-1
-1
15
15
15
15
15
15
751
751
751
751
751
751
751
895
895
895
895
895
895
895
-1
-1
-1
-1
-1
-1
-1
766
766
766
766
766
766
766
766
766
766
766
766
766
766
766
766
766
766
788
788
788
788
788
788
788
788
788
788
788
788
788
788
72
72
72
72
72
72
72
72
72
72
72
72
72
72
72
72
72
72
573
573
573
573
573
573
573
573
653
653
653
653
653
653
653
653
898
898
898
898
898
898
898
898
898
898
898
898
898
898
898
898
764
764
764
764
764
764
764
764
371
371
371
371
371
903
903
903
903
903
903
903
622
622
622
622
622
827
827
827
827
827
827
827
725
725
725
725
725
725
-1
-1
-1
-1
-1
-1
-1
-1
-1
-1
-1
-1
-1
-1
-1
-1
-1
-1
-1
-1
-1
-1
-1
-1
-1
-1
-1
-1
-1
-1
-1
-1
-1
-1
-1
-1
-1
-1
-1
-1
-1
-1
-1
-1
-1
-1
-1
-1
-1
-1
19
19
19
19
19
19
19
19
19
19
19
19
19
19
19
19
19
19
19
19
93
93
93
93
93
93
93
93
93
93
93
93
93
93
93
93
93
93
93
93
93
-1
-1
-1
849
849
849
849
849
849
-1
-1
-1
849
-1
822
822
-1
-1
-1
-1
-1
-1
161
822
822
822
161
161
161
161
161
161
-1
-1
-1
-1
863
863
863
863
863
863
-1
-1
-1
-1
810
810
810
810
810
810
835
835
835
835
835
835
789
789
789
789
789
789
789
789
789
789
803
803
803
803
803
803
803
-1
-1
-1
-1
-1
728
728
728
728
728
728
728
-1
785
785
785
785
785
-1
785
765
765
765
765
765
765
765
765
765
765
765
765
674
674
674
674
674
674
674
727
727
674
674
674
727
727
727
727
-1
-1
-1
-1
-1
-1
-1
-1
-1
-1
-1
-1
-1
-1
-1
-1
-1
-1
-1
-1
-1
-1
-1
-1
-1
-1
-1
-1
-1
-1
-1
-1
-1
-1
-1
-1
-1
-1
-1
-1
-1
-1
-1
753
-1
-1
-1
-1
753
753
753
753
753
753
753
