637
637
637
663
663
663
663
663
663
663
663
663
570
570
570
570
570
570
570
570
570
570
570
526
526
526
526
526
526
526
526
526
526
526
526
526
526
569
569
569
569
569
569
569
569
569
569
412
412
412
412
412
412
412
412
412
412
412
412
631
631
631
631
631
631
631
631
620
620
620
620
620
620
620
620
620
620
6
6
6
6
6
6
6
6
6
6
6
6
6
6
6
6
6
615
615
615
615
615
615
615
615
615
615
615
615
615
615
615
615
615
615
615
615
615
615
531
531
531
531
531
531
531
531
531
531
531
531
531
531
268
268
268
268
268
268
268
268
268
268
268
268
268
268
268
268
268
268
433
433
433
433
433
-1
-1
-1
-1
-1
-1
-1
-1
-1
-1
-1
-1
-1
505
505
505
505
505
586
586
586
586
586
586
586
586
618
618
618
618
618
618
618
618
595
595
595
595
595
361
361
361
361
361
361
361
-1
-1
-1
-1
-1
-1
608
608
608
608
608
608
608
-1
-1
-1
-1
73
73
73
73
73
73
73
73
73
35
35
35
35
35
35
35
35
35
35
-1
-1
-1
-1
-1
-1
524
524
524
524
524
524
524
341
341
341
341
341
341
358
358
358
358
358
358
358
358
358
358
563
563
563
563
563
563
563
326
326
326
326
326
326
326
326
326
326
208
208
208
208
208
208
208
208
208
596
596
596
596
596
596
596
596
596
596
596
596
596
596
596
479
479
479
479
479
479
479
479
479
479
479
588
588
588
588
588
588
588
628
628
628
628
628
628
628
628
628
628
39
39
39
39
39
50
50
50
50
50
50
50
50
106
106
106
106
106
106
106
-1
-1
-1
-1
-1
-1
-1
-1
-1
-1
-1
26
26
26
26
26
-1
-1
-1
-1
183
183
183
183
183
-1
-1
-1
-1
-1
457
457
457
457
457
457
-1
-1
-1
-1
-1
-1
-1
-1
-1
-1
-1
15
15
15
15
15
15
15
15
20
20
20
20
20
20
-1
-1
-1
-1
-1
-1
-1
-1
-1
-1
-1
310
310
310
310
310
310
310
310
486
486
486
486
486
486
486
49
49
49
49
49
34
34
34
34
34
34
34
-1
-1
-1
-1
-1
72
72
72
72
72
72
72
72
72
72
72
97
97
97
97
97
97
97
97
97
633
633
633
633
633
633
633
633
633
633
633
441
441
441
441
441
573
573
573
573
573
573
573
573
573
584
584
584
584
584
584
584
584
584
584
584
349
349
349
349
349
349
371
371
371
371
371
371
371
371
92
92
92
92
92
92
92
-1
-1
-1
88
88
88
88
88
88
88
88
88
88
-1
-1
-1
-1
-1
-1
-1
86
86
86
86
86
86
86
86
86
86
86
-1
-1
-1
-1
-1
-1
-1
-1
-1
-1
-1
-1
-1
-1
-1
-1
-1
-1
-1
-1
-1
-1
-1
-1
-1
-1
-1
-1
-1
-1
-1
-1
-1
19
19
19
19
19
19
19
19
19
19
19
19
19
19
19
19
463
463
463
463
463
463
463
463
463
463
463
463
463
463
80
80
80
80
80
80
80
80
80
80
80
-1
-1
-1
130
130
130
130
130
130
-1
-1
-1
-1
-1
-1
-1
-1
-1
-1
519
519
519
519
519
519
-1
-1
-1
161
161
161
161
161
161
161
161
360
360
360
360
360
516
516
516
516
516
-1
-1
-1
-1
108
108
108
108
108
108
121
121
121
121
121
-1
571
571
571
571
571
602
602
602
602
602
602
602
658
658
658
658
658
658
658
658
658
658
658
658
658
658
658
658
660
-1
-1
-1
660
660
660
660
-1
-1
657
657
657
657
657
657
657
657
637
554
554
554
554
554
554
554
554
-1
-1
637
637
637
637
637
637
637
637
