1022
1022
1022
1022
-1
666
666
666
666
666
666
666
666
666
666
666
666
666
666
666
666
666
666
666
666
666
666
666
666
735
735
735
735
735
735
735
735
735
735
735
735
735
735
735
735
735
987
987
987
987
987
987
987
987
987
987
987
987
987
987
987
987
987
987
839
839
839
839
839
839
839
839
839
839
839
839
839
839
839
919
919
919
919
919
919
919
919
919
919
919
919
919
919
919
919
919
796
796
796
796
796
796
796
796
796
796
796
796
796
796
796
796
796
796
796
777
777
777
777
777
777
777
777
777
777
777
777
777
777
777
777
777
777
777
777
777
889
889
889
889
889
889
889
889
889
889
889
889
889
889
889
889
889
889
889
889
531
531
531
531
531
531
531
531
531
531
531
531
531
531
531
531
531
531
531
531
531
531
531
531
531
531
531
531
531
531
531
1030
1030
1030
1030
1030
-1
-1
-1
-1
-1
-1
-1
-1
-1
-1
-1
-1
595
595
595
595
595
595
595
595
595
595
595
595
1017
1017
1017
1017
1017
1017
1017
1017
1017
1017
1017
1017
1017
864
864
864
864
864
864
864
864
-1
-1
-1
-1
887
887
887
887
887
887
794
794
794
794
794
484
484
484
484
484
484
484
484
484
484
484
484
35
35
35
35
35
35
35
35
35
35
-1
-1
915
915
915
915
915
915
915
915
893
893
893
893
893
893
893
893
893
893
893
893
999
999
999
999
999
999
999
999
999
999
999
999
999
999
999
999
910
910
910
910
910
910
910
910
910
910
910
910
910
910
910
910
910
791
791
791
791
791
791
791
791
791
791
791
791
791
791
791
1006
1006
1006
1006
1006
1006
1006
1006
1006
914
914
914
914
914
914
914
914
914
914
914
914
914
914
914
914
914
914
914
914
930
930
930
930
930
326
326
326
326
326
326
326
326
326
326
326
326
326
326
326
-1
-1
-1
-1
-1
-1
-1
-1
954
-1
-1
-1
954
954
954
954
954
954
-1
-1
-1
-1
944
944
944
944
944
944
944
-1
978
978
978
978
978
978
978
-1
-1
-1
-1
-1
-1
-1
1023
1023
1023
1023
1023
-1
1023
1023
1023
1023
1023
994
994
994
994
994
994
972
972
972
972
972
972
972
-1
-1
-1
-1
-1
-1
-1
-1
-1
34
34
34
34
34
34
962
962
962
962
962
962
962
962
962
875
875
875
875
875
875
486
486
486
486
486
486
486
486
486
-1
-1
-1
927
927
927
927
927
927
927
927
927
927
927
927
927
927
927
927
927
927
927
927
929
929
929
929
929
929
929
929
929
1033
1033
1033
1033
1033
1033
1033
1033
1033
1033
959
959
959
959
959
959
1029
1029
1029
1029
1029
1029
1029
1029
1029
1029
1029
1029
1029
622
622
622
622
622
622
764
764
764
764
764
764
764
903
903
903
903
903
903
-1
-1
-1
-1
-1
-1
-1
-1
932
932
932
932
932
932
932
932
731
731
731
731
731
-1
-1
-1
-1
-1
-1
-1
-1
-1
-1
668
668
668
668
668
-1
-1
-1
-1
-1
-1
-1
-1
-1
-1
-1
-1
-1
-1
-1
-1
-1
-1
-1
-1
-1
-1
-1
-1
-1
-1
-1
-1
19
19
19
19
19
19
19
19
19
19
19
19
19
19
19
19
805
805
805
805
805
805
805
805
805
805
805
805
805
805
805
805
93
93
93
93
93
93
93
93
93
-1
-1
-1
849
849
849
849
849
849
-1
-1
-1
849
-1
822
822
-1
-1
-1
-1
-1
-1
-1
-1
-1
822
822
822
161
161
161
161
161
-1
-1
-1
863
863
863
863
863
863
-1
-1
-1
-1
986
986
986
986
986
986
986
986
986
986
986
789
789
789
789
789
789
789
803
803
803
803
803
803
803
803
803
803
-1
-1
938
-1
-1
938
938
938
938
-1
-1
-1
-1
-1
-1
-1
-1
-1
-1
-1
765
765
765
765
765
765
765
765
765
765
727
727
727
727
727
727
727
727
727
727
727
727
727
727
727
-1
-1
-1
-1
-1
-1
-1
-1
-1
-1
-1
-1
-1
-1
-1
-1
-1
-1
-1
-1
-1
-1
-1
-1
-1
-1
-1
-1
-1
-1
-1
-1
-1
-1
-1
-1
-1
1010
1010
1010
1010
1010
-1
-1
-1
-1
1022
1022
-1
-1
1022
1022
1022
1022
1022
1022
1022
1022
