-1
-1
-1
-1
-1
666
666
666
666
666
666
666
666
666
666
666
735
735
735
735
735
735
735
735
735
735
735
735
671
671
671
671
671
671
671
671
671
671
671
671
671
671
671
734
734
734
734
734
734
734
734
256
256
256
256
256
256
256
256
256
256
256
256
256
717
717
717
717
717
717
717
717
717
717
717
839
839
839
839
839
839
839
839
839
796
796
796
796
796
796
796
796
796
796
796
796
796
821
821
821
821
821
821
821
821
821
821
821
821
821
821
821
821
821
821
743
743
743
743
743
743
743
743
743
743
743
743
743
743
743
743
743
743
743
743
743
743
743
743
777
777
777
777
777
777
777
777
777
777
777
777
777
777
777
777
777
777
777
777
777
777
777
777
71
71
71
71
71
71
71
71
71
71
71
71
71
71
71
71
71
71
71
71
71
71
71
-1
-1
-1
-1
-1
-1
637
637
637
637
637
637
637
637
637
637
637
637
637
637
637
637
637
637
637
637
637
637
637
637
637
637
637
637
637
637
637
637
637
637
637
774
774
774
774
774
774
774
567
567
567
567
567
567
358
358
358
358
358
358
358
358
358
358
819
819
819
819
819
563
563
563
563
563
563
563
563
563
563
563
563
208
208
208
208
208
208
208
208
208
208
208
208
791
791
791
791
791
791
791
791
791
791
791
791
791
791
791
479
479
479
479
479
479
479
479
479
479
479
479
479
628
628
628
628
628
628
628
628
628
628
628
628
628
628
628
628
39
39
39
39
39
50
50
50
50
50
50
50
50
50
326
326
326
326
326
326
-1
-1
-1
-1
-1
-1
-1
-1
-1
-1
26
26
26
26
26
-1
-1
-1
183
183
183
183
183
183
834
834
834
834
834
834
834
834
834
834
834
834
834
834
834
834
707
707
-1
707
707
707
707
-1
-1
15
15
15
15
15
15
15
-1
-1
-1
-1
669
669
669
669
669
669
669
669
669
669
669
669
669
669
669
669
669
669
-1
751
751
751
751
751
751
751
751
751
751
751
751
751
751
751
751
-1
-1
-1
-1
-1
-1
-1
-1
-1
-1
-1
729
729
729
729
729
729
729
729
729
729
729
729
72
72
72
72
72
72
72
72
573
573
573
573
573
573
573
573
768
768
768
768
768
768
768
768
768
768
653
653
653
653
653
653
653
744
744
744
744
744
744
744
833
833
833
833
833
833
833
833
833
833
833
833
833
833
833
833
833
833
833
833
833
833
833
833
833
833
833
833
833
833
833
833
833
828
828
828
828
828
828
-1
-1
-1
-1
-1
-1
-1
-1
-1
-1
-1
-1
-1
-1
-1
-1
-1
-1
-1
-1
-1
-1
-1
840
840
840
840
840
840
840
840
840
840
840
-1
-1
-1
-1
-1
-1
-1
-1
-1
-1
-1
-1
-1
-1
-1
817
817
817
817
817
817
817
817
817
817
80
80
80
80
80
80
80
80
80
80
80
80
80
80
80
736
736
736
736
736
736
736
736
736
736
736
736
736
736
736
736
736
736
736
736
736
736
736
736
736
736
736
-1
-1
-1
-1
-1
-1
-1
-1
766
766
766
766
766
766
766
766
766
766
766
766
766
813
813
813
813
813
813
813
813
813
-1
-1
-1
-1
516
516
516
516
516
516
-1
-1
-1
-1
810
810
810
810
810
810
810
835
835
835
835
835
809
809
809
809
809
809
-1
-1
-1
-1
803
803
803
803
803
803
803
-1
-1
-1
-1
-1
-1
-1
745
745
745
745
745
-1
785
785
785
785
785
-1
-1
765
765
765
765
765
846
846
846
846
846
846
846
846
674
674
674
674
674
674
-1
-1
-1
-1
-1
-1
-1
-1
-1
-1
-1
-1
-1
-1
-1
-1
-1
-1
-1
-1
-1
-1
-1
-1
-1
-1
-1
-1
-1
-1
-1
-1
-1
-1
-1
-1
-1
-1
-1
-1
-1
-1
-1
-1
-1
-1
-1
-1
-1
-1
-1
-1
753
-1
-1
-1
-1
753
753
753
753
753
753
753
