256
256
256
256
256
256
256
256
256
256
256
256
256
256
427
427
427
427
427
427
427
427
427
216
216
216
216
216
216
216
216
216
216
216
216
216
216
216
526
526
526
526
526
526
526
526
526
526
526
526
526
526
455
455
455
455
455
455
455
455
455
455
365
365
365
365
365
365
365
365
365
365
365
365
365
365
365
6
6
6
6
6
6
6
6
6
6
268
268
268
268
268
268
268
268
268
268
268
268
268
268
268
268
268
268
531
531
531
531
531
531
531
531
531
531
531
531
531
531
531
531
531
389
389
389
389
389
389
389
389
389
389
389
389
389
389
389
389
389
389
389
389
389
389
389
389
389
389
367
367
367
367
367
-1
-1
-1
-1
-1
-1
-1
-1
-1
-1
-1
-1
67
67
67
67
67
67
505
505
505
505
505
505
505
137
137
137
137
137
508
508
508
508
508
508
508
361
361
361
361
361
361
361
361
361
-1
-1
-1
-1
-1
-1
-1
-1
555
555
555
555
555
555
555
-1
-1
-1
-1
73
73
73
73
73
73
73
35
35
35
35
35
35
35
35
35
35
-1
-1
358
358
358
358
358
358
358
358
358
524
524
524
524
524
524
341
341
341
341
341
341
341
326
326
326
326
326
326
326
326
326
326
326
326
239
239
239
239
239
239
239
239
239
208
208
208
208
208
208
208
208
208
208
518
518
518
518
518
518
518
518
518
518
375
375
375
375
375
375
375
375
375
375
479
479
479
479
479
479
479
479
479
479
479
479
479
414
414
414
414
414
414
414
414
414
414
414
39
39
39
39
39
50
50
50
50
50
50
50
50
106
106
106
106
106
106
106
-1
-1
-1
-1
-1
-1
-1
-1
-1
-1
-1
26
26
26
26
26
-1
-1
-1
-1
183
183
183
183
183
183
183
-1
183
-1
18
18
18
18
18
18
-1
-1
-1
-1
-1
-1
-1
-1
-1
-1
15
15
15
15
15
15
15
20
20
20
20
20
20
-1
-1
-1
-1
-1
-1
-1
-1
-1
-1
-1
-1
310
310
310
310
310
310
310
310
486
486
486
486
486
49
49
49
49
49
49
34
34
34
34
34
34
34
-1
-1
-1
-1
-1
-1
72
72
72
72
72
72
72
72
72
72
72
97
97
97
97
97
97
97
488
488
488
488
488
488
488
488
488
488
69
69
69
69
69
69
69
69
69
69
441
441
441
441
441
441
371
371
371
371
371
371
371
395
395
395
395
395
395
395
349
349
349
349
349
92
92
92
92
92
0
0
0
0
0
-1
-1
-1
-1
-1
-1
-1
-1
-1
-1
88
88
88
88
88
88
88
88
88
88
88
88
88
88
86
86
86
86
86
86
86
86
86
86
86
86
86
-1
-1
-1
-1
-1
-1
-1
-1
-1
-1
-1
-1
-1
-1
-1
-1
-1
-1
-1
-1
-1
-1
-1
-1
-1
-1
-1
-1
-1
-1
19
19
19
19
19
19
19
19
19
19
19
19
19
19
19
19
93
93
93
93
93
93
93
93
93
93
93
93
80
80
80
80
80
80
80
80
80
80
80
80
80
-1
-1
-1
130
130
130
130
130
130
-1
-1
-1
-1
-1
-1
-1
-1
-1
519
519
519
519
519
519
519
519
519
519
519
519
161
161
161
161
161
161
-1
-1
-1
-1
-1
-1
-1
-1
-1
-1
-1
-1
-1
-1
108
108
108
108
108
108
121
121
121
121
121
364
364
364
364
364
364
364
364
364
557
557
557
557
557
557
-1
101
101
101
101
101
101
101
101
101
101
101
101
101
101
101
101
-1
-1
-1
-1
-1
-1
-1
-1
-1
-1
-1
-1
-1
-1
-1
554
554
554
554
554
554
-1
