753
753
753
-1
-1
666
666
666
666
666
666
666
666
666
735
735
735
735
735
735
735
735
735
735
735
735
735
735
735
671
671
671
671
671
671
671
671
671
671
671
671
671
671
671
671
671
671
671
671
256
256
256
256
256
256
256
256
256
256
256
256
256
256
256
717
717
717
717
717
717
717
717
717
717
717
796
796
796
796
796
796
796
796
796
796
796
796
796
796
796
818
818
818
818
818
818
818
818
818
818
821
821
821
821
821
821
821
821
821
821
821
821
821
821
821
743
743
743
743
743
743
743
743
743
743
743
743
743
743
743
777
777
777
777
777
777
777
777
777
777
777
777
777
777
777
777
777
777
777
777
637
637
637
637
637
637
637
637
637
637
637
637
595
595
595
595
595
595
595
595
595
595
595
595
595
618
618
618
618
618
618
618
618
361
361
361
361
361
361
361
-1
-1
-1
-1
-1
-1
-1
619
619
619
619
619
619
484
484
484
484
484
73
73
73
73
73
73
73
35
35
35
35
35
35
35
35
35
35
-1
-1
567
567
567
567
567
567
567
567
567
358
358
358
358
358
358
358
358
819
819
819
819
819
819
819
819
819
819
341
341
341
341
341
341
341
341
341
208
208
208
208
208
208
208
208
208
208
208
208
208
208
208
208
208
791
791
791
791
791
791
791
791
791
791
479
479
479
479
479
479
479
479
479
479
479
479
479
479
831
831
831
831
831
831
831
831
831
628
628
628
628
628
628
628
628
628
628
628
39
39
39
39
39
50
50
50
50
50
50
50
50
50
50
50
50
50
50
50
-1
-1
-1
-1
-1
-1
-1
-1
26
-1
-1
26
26
26
26
26
-1
-1
-1
-1
183
183
183
183
183
183
183
-1
-1
-1
457
457
457
457
457
457
-1
-1
-1
732
732
732
732
732
732
-1
-1
-1
-1
15
15
15
15
15
15
15
20
20
20
20
20
20
-1
-1
-1
-1
-1
88
88
88
88
88
88
669
669
669
669
669
669
669
669
669
669
669
669
669
669
669
669
669
669
669
669
669
669
669
669
751
751
751
751
751
751
751
751
751
751
751
751
751
751
751
751
751
751
751
751
751
729
729
729
729
729
729
573
573
573
573
573
573
573
573
573
573
573
-1
706
706
706
706
706
706
706
828
828
828
828
828
828
828
-1
-1
-1
-1
-1
-1
-1
-1
-1
-1
-1
-1
-1
-1
-1
-1
-1
-1
-1
-1
-1
-1
-1
-1
-1
-1
-1
-1
-1
-1
-1
-1
-1
-1
-1
-1
-1
-1
-1
-1
-1
-1
-1
-1
-1
-1
-1
-1
-1
-1
19
19
19
19
19
19
19
19
19
19
19
19
19
19
19
817
817
817
817
817
817
817
817
817
93
93
93
93
93
93
93
93
93
93
93
93
93
93
93
93
93
-1
519
519
519
519
519
519
519
519
519
-1
-1
-1
-1
-1
-1
-1
-1
-1
-1
-1
-1
-1
-1
-1
-1
-1
736
736
736
736
736
736
736
736
736
736
736
736
736
736
736
736
736
736
736
736
736
736
-1
-1
-1
-1
810
810
810
810
810
766
766
766
766
766
766
766
766
766
766
766
766
809
809
809
809
809
809
809
803
803
803
803
803
803
803
803
803
803
803
-1
-1
-1
-1
-1
776
776
776
776
776
776
776
776
776
776
776
776
776
776
776
765
765
765
765
765
674
674
674
674
674
674
674
674
681
681
681
681
681
681
-1
-1
681
681
-1
-1
-1
-1
-1
-1
-1
-1
-1
-1
-1
-1
-1
-1
-1
-1
-1
-1
-1
-1
-1
-1
-1
-1
-1
-1
-1
-1
-1
-1
-1
-1
-1
-1
-1
-1
-1
-1
-1
-1
-1
-1
-1
-1
-1
-1
-1
-1
-1
753
-1
-1
-1
-1
753
753
753
753
753
753
753
