256
256
256
256
256
256
256
256
256
256
256
256
570
570
570
570
570
570
570
570
570
570
570
570
570
216
216
216
216
216
216
216
216
216
216
216
216
216
216
526
526
526
526
526
526
526
526
526
526
526
526
526
455
455
455
455
455
455
455
455
455
455
455
455
412
412
412
412
412
412
412
412
412
412
412
412
6
6
6
6
6
6
6
6
6
6
6
6
6
6
6
6
6
6
6
6
6
6
6
6
6
531
531
531
531
531
531
531
531
531
531
531
531
531
531
531
531
531
531
531
531
389
389
389
389
389
389
389
389
389
389
389
389
389
389
389
389
389
389
389
389
389
389
389
389
389
389
389
-1
-1
-1
-1
-1
-1
-1
-1
-1
-1
-1
-1
-1
-1
-1
-1
-1
67
67
67
67
67
586
586
586
586
586
586
586
505
505
505
505
505
505
505
505
137
137
137
137
137
361
361
361
361
361
361
361
361
-1
-1
-1
-1
-1
-1
-1
-1
-1
492
492
492
492
492
492
492
73
73
73
73
73
73
73
73
73
73
35
35
35
35
35
35
35
35
35
35
-1
-1
358
358
358
358
358
358
358
563
563
563
563
563
563
563
563
341
341
341
341
341
341
341
341
341
341
341
341
341
239
239
239
239
239
239
239
239
239
239
208
208
208
208
208
208
208
208
208
208
208
208
208
208
208
518
518
518
518
518
518
518
518
518
518
518
518
518
518
518
479
479
479
479
479
479
479
479
479
479
479
479
479
479
479
479
414
414
414
414
414
414
414
414
414
414
414
414
39
39
39
39
39
50
50
50
50
50
50
50
50
106
106
106
106
106
106
106
-1
-1
-1
-1
-1
-1
-1
-1
-1
-1
-1
26
26
26
26
26
-1
-1
-1
-1
457
457
457
457
457
457
457
-1
18
-1
18
-1
18
18
18
18
18
-1
-1
-1
-1
-1
-1
-1
-1
-1
-1
-1
-1
15
15
15
15
15
15
15
20
20
20
20
20
20
-1
-1
-1
-1
-1
-1
-1
-1
-1
-1
310
310
310
310
310
486
486
486
486
486
486
486
486
486
49
49
49
49
49
49
34
34
34
34
34
34
34
-1
-1
-1
-1
-1
72
72
72
72
72
72
72
72
72
72
72
72
97
97
97
97
97
97
97
97
69
69
69
69
69
69
69
69
69
69
573
573
573
573
573
573
573
573
573
441
441
441
441
441
441
371
371
371
371
371
371
371
371
371
371
371
371
395
395
395
395
395
395
-1
-1
-1
-1
0
0
0
0
0
92
92
92
92
92
-1
-1
-1
-1
-1
-1
-1
88
88
88
88
88
88
88
88
88
88
88
88
88
88
-1
86
86
86
86
86
86
86
86
86
86
86
86
-1
-1
-1
-1
-1
-1
-1
-1
-1
-1
-1
-1
-1
-1
-1
-1
-1
-1
-1
-1
-1
-1
-1
-1
-1
-1
-1
-1
-1
-1
-1
-1
19
19
19
19
19
19
19
19
19
19
19
19
19
19
19
19
19
93
93
93
93
93
93
93
93
93
93
93
93
93
80
80
80
80
80
80
80
80
80
80
80
-1
-1
-1
130
130
130
130
130
130
-1
-1
-1
-1
-1
-1
-1
-1
-1
-1
-1
-1
519
519
519
519
519
519
519
519
519
519
-1
-1
-1
-1
-1
-1
-1
-1
516
516
516
516
516
-1
-1
-1
-1
108
108
108
108
108
108
108
121
121
121
121
121
364
364
364
364
364
364
364
364
364
571
571
571
571
571
571
-1
-1
101
101
101
101
101
101
101
101
101
101
101
101
101
101
101
101
-1
-1
-1
-1
-1
-1
-1
-1
-1
-1
-1
-1
-1
-1
-1
-1
-1
-1
-1
-1
-1
-1
-1
