-1
-1
-1
-1
-1
666
666
666
666
666
666
666
666
666
666
666
666
666
735
735
735
735
735
735
735
735
735
735
735
735
671
671
671
671
671
671
671
671
734
734
734
734
734
734
734
734
734
734
734
734
734
734
256
256
256
256
256
256
256
256
256
717
717
717
717
717
717
717
717
717
717
717
717
717
717
717
717
839
839
839
839
839
839
839
796
796
796
796
796
796
796
796
796
796
796
796
818
818
818
818
818
818
818
818
818
818
821
821
821
821
821
821
821
821
821
743
743
743
743
743
743
743
743
743
743
743
743
743
743
743
743
777
777
777
777
777
777
777
777
777
777
777
777
777
777
531
531
531
531
531
531
531
531
531
531
531
531
531
531
531
531
531
531
531
531
531
531
531
71
71
71
71
71
71
71
71
71
71
71
71
71
71
71
71
71
-1
-1
-1
-1
-1
-1
619
619
619
619
619
484
484
484
484
484
484
637
637
637
637
637
637
637
637
637
637
637
637
637
637
637
637
637
637
637
637
637
637
637
637
637
637
637
637
637
637
637
637
358
358
358
358
358
358
819
819
819
819
819
819
819
819
819
819
819
819
563
563
563
563
563
563
563
563
563
563
563
208
208
208
208
208
208
208
208
208
208
791
791
791
791
791
791
791
791
791
791
479
479
479
479
479
479
479
479
479
479
479
479
479
479
831
831
831
831
831
831
628
628
628
628
628
628
628
628
628
628
628
628
628
39
39
39
39
39
50
50
50
50
50
50
50
50
326
326
326
326
326
326
326
-1
-1
-1
-1
-1
-1
-1
-1
-1
-1
-1
-1
26
26
26
26
26
-1
-1
-1
-1
183
183
183
183
183
183
183
834
834
834
834
834
834
834
834
834
834
834
834
834
834
834
707
707
707
707
707
707
707
-1
-1
-1
15
15
15
15
15
669
669
669
669
669
669
669
669
669
669
669
669
669
669
-1
-1
-1
-1
-1
751
751
751
751
751
751
751
751
751
751
751
751
751
838
838
838
838
838
838
838
838
838
-1
-1
-1
-1
-1
-1
-1
-1
-1
729
729
729
729
729
729
729
729
729
729
729
729
72
72
72
72
72
72
72
72
573
573
573
573
573
573
573
573
768
768
768
768
768
768
768
833
833
833
833
833
833
833
833
833
833
833
833
833
833
833
833
833
833
833
833
833
833
833
833
833
833
833
833
833
764
764
764
764
764
764
764
764
798
798
798
798
798
775
775
775
775
775
828
828
828
828
828
828
828
828
-1
-1
-1
-1
-1
-1
-1
-1
-1
-1
-1
-1
-1
-1
-1
-1
-1
-1
-1
-1
-1
-1
-1
840
840
840
840
840
840
840
840
840
840
840
-1
-1
-1
-1
-1
-1
-1
-1
-1
817
817
817
817
817
817
817
817
817
817
19
19
19
19
19
19
19
19
19
19
19
736
736
736
736
736
736
736
736
736
736
736
736
736
736
736
736
736
736
736
736
736
736
736
736
736
736
736
736
736
736
736
-1
-1
849
849
849
849
849
849
-1
-1
-1
-1
-1
-1
-1
766
766
766
766
766
766
766
766
766
766
766
766
813
813
813
813
813
813
-1
-1
-1
-1
848
848
848
848
848
-1
-1
-1
-1
-1
-1
-1
-1
810
810
810
810
810
835
835
835
835
835
835
-1
-1
809
809
809
809
809
809
789
789
789
789
789
789
789
-1
-1
-1
-1
-1
-1
-1
-1
-1
728
728
728
728
728
-1
-1
-1
-1
-1
-1
-1
-1
-1
-1
765
765
765
765
765
765
765
765
765
765
674
674
674
674
674
674
674
674
674
-1
-1
-1
-1
-1
-1
-1
-1
-1
-1
-1
-1
-1
-1
-1
-1
-1
-1
-1
-1
-1
-1
-1
-1
-1
-1
-1
-1
-1
-1
-1
-1
-1
-1
-1
-1
-1
-1
-1
-1
-1
-1
-1
-1
-1
-1
-1
-1
-1
-1
-1
-1
-1
753
-1
-1
-1
-1
753
753
753
753
753
753
753
