753
753
753
-1
-1
666
666
666
666
666
666
666
666
666
666
735
735
735
735
735
735
735
735
735
735
735
735
735
671
671
671
671
671
671
671
671
671
671
671
671
671
671
671
256
256
256
256
256
256
256
256
256
256
256
256
256
256
256
256
256
256
717
717
717
717
717
717
717
717
717
717
717
717
717
717
717
717
717
717
796
796
796
796
796
796
796
796
796
796
796
796
796
796
663
663
663
663
663
663
663
663
663
663
663
663
663
663
663
663
663
663
663
663
663
663
663
663
663
663
663
663
663
663
663
663
663
663
663
663
663
663
663
663
663
743
743
743
743
743
743
743
743
743
743
743
743
743
637
637
637
637
637
637
637
637
637
637
637
637
637
637
637
637
637
637
637
637
637
637
637
637
637
637
637
637
637
637
637
637
531
531
531
531
531
531
268
268
268
268
268
268
-1
-1
-1
-1
-1
-1
-1
-1
-1
-1
-1
-1
505
505
505
505
505
505
505
505
505
595
595
595
595
595
595
595
595
595
595
595
595
618
618
618
618
618
618
618
618
361
361
361
361
361
-1
-1
-1
794
794
794
794
794
-1
-1
-1
-1
484
484
484
484
484
484
73
73
73
73
73
73
73
35
35
35
35
35
35
35
35
35
35
-1
-1
524
524
524
524
524
524
774
774
774
774
774
774
774
358
358
358
358
358
358
358
358
358
358
341
341
341
341
341
341
341
341
341
341
341
341
208
208
208
208
208
208
208
208
208
208
208
208
208
208
208
208
208
208
791
791
791
791
791
791
791
791
791
791
791
791
791
791
791
479
479
479
479
479
479
479
479
479
479
479
479
479
479
479
628
628
628
628
628
628
628
628
628
628
628
628
628
39
39
39
39
39
50
50
50
50
50
50
50
50
50
50
50
50
50
50
50
-1
-1
-1
-1
-1
-1
-1
-1
-1
-1
-1
26
26
26
26
26
-1
-1
-1
-1
183
183
183
183
183
183
183
-1
-1
-1
-1
457
457
457
457
457
-1
-1
-1
-1
-1
732
732
732
732
732
732
-1
-1
-1
770
770
770
770
770
770
-1
20
20
20
20
20
20
-1
-1
-1
-1
-1
-1
-1
-1
-1
-1
-1
-1
417
417
417
417
417
486
486
486
486
486
486
88
88
88
88
88
88
88
88
88
34
34
34
34
34
-1
-1
-1
-1
-1
-1
72
72
72
72
72
72
72
72
72
72
72
729
729
729
729
729
729
729
729
729
573
573
573
573
573
573
573
573
573
573
441
441
441
441
441
441
653
653
653
653
653
653
653
653
653
653
788
788
788
788
788
788
788
788
788
-1
-1
-1
-1
-1
-1
-1
-1
-1
-1
-1
-1
-1
-1
-1
-1
-1
-1
-1
-1
-1
-1
-1
-1
-1
-1
-1
-1
-1
-1
-1
-1
-1
-1
-1
-1
-1
-1
19
19
19
19
19
19
19
19
19
19
19
19
19
19
19
19
19
19
19
814
814
814
814
814
814
814
814
814
814
814
814
814
814
814
814
814
814
814
814
814
814
814
814
814
814
814
669
814
669
814
814
669
669
669
669
669
669
669
669
669
669
669
669
669
669
669
669
669
669
669
669
669
669
669
669
669
669
669
669
669
669
669
669
669
516
516
516
516
516
-1
-1
-1
-1
-1
-1
-1
-1
813
813
813
813
813
813
813
813
766
766
766
766
766
766
766
766
766
766
809
809
809
809
809
809
809
809
789
789
789
789
789
789
-1
-1
-1
-1
-1
776
776
776
776
776
776
776
776
776
776
776
776
776
776
776
776
-1
-1
-1
-1
736
736
736
736
736
736
736
736
736
736
736
736
736
736
811
811
811
811
811
811
811
811
-1
-1
-1
-1
-1
-1
-1
-1
-1
-1
-1
-1
-1
-1
-1
-1
-1
-1
-1
-1
-1
-1
-1
-1
-1
-1
-1
-1
-1
-1
-1
-1
-1
-1
-1
-1
-1
-1
-1
-1
-1
-1
-1
-1
-1
-1
753
-1
-1
-1
753
753
753
753
753
753
753
753
