256
256
256
256
256
256
256
256
256
256
570
570
570
570
570
570
570
570
570
570
570
570
570
570
570
216
216
216
216
216
216
216
216
216
216
526
526
526
526
526
526
526
569
569
569
569
569
569
569
569
569
569
569
455
455
455
455
455
455
455
455
455
455
412
412
412
412
412
412
412
412
412
412
412
412
412
6
6
6
6
6
6
6
6
6
6
6
6
6
6
6
6
6
6
6
6
6
6
6
6
268
268
268
268
268
268
268
268
268
268
268
268
268
268
268
268
268
531
531
531
531
531
531
531
531
531
531
531
531
531
531
531
531
531
531
531
531
531
531
531
531
531
531
531
531
531
-1
-1
-1
-1
-1
-1
-1
-1
-1
-1
-1
-1
-1
-1
-1
-1
-1
586
586
586
586
586
586
586
586
586
586
505
505
505
505
505
505
505
137
137
137
137
137
137
137
361
361
361
361
361
361
361
361
361
361
-1
-1
-1
-1
-1
-1
-1
-1
581
581
581
581
581
581
484
484
484
484
484
73
73
73
73
73
73
73
35
35
35
35
35
35
35
35
35
35
-1
-1
567
567
567
567
567
567
567
567
567
563
563
563
563
563
524
524
524
524
524
524
524
524
524
524
326
326
326
326
326
326
326
239
239
239
239
239
239
239
239
239
239
239
239
208
208
208
208
208
208
208
208
208
208
518
518
518
518
518
518
518
518
518
518
518
518
518
518
518
479
479
479
479
479
479
479
479
479
479
479
479
479
479
479
479
414
414
414
414
414
414
414
414
414
414
414
414
414
39
39
39
39
39
50
50
50
50
50
50
50
50
106
106
106
106
106
106
106
-1
-1
-1
-1
-1
-1
-1
-1
-1
-1
26
26
26
26
26
-1
-1
-1
-1
183
183
183
183
183
183
183
-1
183
-1
18
18
18
18
18
18
-1
-1
-1
-1
-1
-1
-1
15
15
15
15
15
15
15
20
20
20
20
20
20
-1
-1
-1
-1
-1
-1
-1
-1
-1
-1
-1
310
310
310
310
310
310
486
486
486
486
486
486
486
486
49
49
49
49
49
49
34
34
34
34
34
34
34
-1
-1
-1
-1
-1
-1
72
72
72
72
72
72
72
72
72
72
97
97
97
97
97
97
97
97
69
69
69
69
69
69
69
69
69
587
587
587
587
587
587
587
573
573
573
573
573
573
573
573
573
573
371
371
371
371
371
371
371
371
584
584
584
584
584
584
349
349
349
349
349
349
349
349
349
0
0
0
0
0
0
-1
-1
-1
-1
-1
452
452
452
452
452
88
88
88
88
88
88
88
88
88
88
88
88
88
88
86
86
86
86
86
86
86
86
86
86
86
86
-1
-1
-1
-1
-1
-1
-1
-1
-1
-1
-1
-1
-1
-1
-1
-1
-1
-1
-1
-1
-1
-1
-1
-1
-1
-1
-1
-1
-1
-1
-1
19
19
19
19
19
19
19
19
19
19
19
19
19
19
19
19
-1
-1
-1
-1
93
93
93
93
93
93
93
93
93
93
93
93
80
80
80
80
80
80
80
80
80
-1
-1
-1
130
130
130
130
130
130
-1
-1
-1
-1
-1
-1
-1
-1
-1
-1
519
519
519
519
519
519
519
519
519
519
519
161
161
161
161
161
161
360
360
360
360
360
516
516
516
516
516
-1
-1
-1
-1
108
108
108
108
108
108
121
121
121
121
121
-1
583
583
583
583
583
583
583
-1
-1
-1
571
571
571
571
571
-1
-1
-1
101
101
101
101
101
101
101
101
101
101
101
101
101
101
101
101
535
535
535
535
-1
-1
-1
-1
-1
-1
-1
-1
-1
-1
-1
-1
554
554
554
554
554
554
554
535
