753
753
753
753
-1
666
666
666
666
666
666
666
666
666
666
666
666
671
671
671
671
671
671
671
671
671
671
671
671
671
671
671
671
671
671
671
671
734
734
734
734
734
734
734
734
734
734
734
734
256
256
256
256
256
256
256
256
256
256
256
256
256
256
256
717
717
717
717
717
717
717
717
717
717
717
717
717
717
839
839
839
839
839
839
839
839
839
839
839
839
796
796
796
796
796
796
796
796
796
796
821
821
821
821
821
821
821
821
821
821
821
821
821
821
821
743
743
743
743
743
743
743
743
743
743
743
743
743
743
743
743
743
777
777
777
777
777
777
777
777
777
777
777
777
777
777
777
777
777
777
777
777
777
531
531
531
531
531
531
531
531
531
531
531
531
531
531
531
531
531
531
531
531
531
531
531
531
531
531
531
531
531
531
531
531
531
531
531
-1
-1
-1
-1
-1
-1
-1
-1
-1
-1
-1
-1
-1
-1
595
595
595
595
595
595
595
595
595
595
864
864
864
864
864
864
864
864
864
864
879
879
879
879
879
879
868
868
868
868
868
868
868
868
-1
-1
-1
-1
-1
-1
-1
-1
794
794
794
794
794
794
484
484
484
484
484
484
73
73
73
73
73
73
73
35
35
35
35
35
35
35
778
778
778
778
778
778
778
778
778
778
778
778
778
778
778
778
778
778
778
778
778
778
778
778
778
778
778
778
778
778
778
778
778
778
778
778
778
778
778
778
778
778
778
778
208
208
208
208
208
208
208
208
208
208
208
208
208
208
791
791
791
791
791
791
791
791
791
791
791
791
791
791
791
479
479
479
479
479
479
479
479
479
479
479
479
479
479
479
479
628
628
628
628
628
628
628
628
628
628
628
628
39
39
39
39
39
326
326
326
326
326
326
326
326
326
326
326
326
326
326
326
-1
-1
-1
-1
-1
-1
-1
-1
-1
-1
26
26
26
26
26
-1
-1
-1
-1
183
183
183
183
183
183
834
834
834
834
834
834
834
834
834
834
834
834
-1
-1
-1
858
858
858
858
858
-1
-1
-1
-1
-1
-1
-1
-1
-1
-1
-1
-1
-1
-1
856
856
856
856
856
751
751
751
751
751
751
751
751
751
751
751
751
838
838
838
838
838
838
838
838
838
838
838
838
776
776
776
776
776
776
776
776
776
776
776
776
776
776
776
776
776
776
729
729
729
729
729
729
729
729
729
729
729
729
729
833
833
833
833
833
833
833
833
833
833
833
833
833
833
833
833
833
833
833
833
833
833
833
833
833
833
833
833
833
-1
-1
-1
744
744
744
744
744
744
744
744
744
371
371
371
371
371
371
441
441
441
441
441
441
441
441
441
764
764
764
764
764
764
764
764
-1
-1
-1
-1
817
817
817
817
817
817
817
817
817
-1
-1
-1
-1
731
731
731
731
731
-1
-1
-1
-1
-1
-1
-1
840
840
840
840
840
840
840
840
840
840
840
-1
-1
-1
-1
-1
-1
-1
-1
-1
-1
-1
-1
-1
-1
-1
-1
-1
-1
-1
-1
-1
-1
-1
-1
19
19
19
19
19
19
19
788
788
788
788
788
788
788
788
788
788
788
788
788
788
805
805
805
805
805
805
805
766
766
766
766
766
766
766
766
766
766
766
766
766
766
766
766
766
766
766
766
-1
-1
-1
-1
-1
-1
-1
-1
-1
-1
-1
-1
-1
-1
-1
-1
-1
-1
161
-1
-1
161
161
161
161
161
-1
-1
-1
863
863
863
863
863
863
863
-1
-1
-1
-1
810
810
810
810
810
810
835
835
835
835
835
835
809
809
809
809
809
809
789
789
789
789
789
789
789
789
789
789
789
-1
-1
-1
-1
-1
-1
-1
745
745
745
745
745
-1
785
785
785
785
785
-1
785
765
765
765
765
765
765
765
765
765
846
846
846
846
846
674
674
674
674
674
674
674
674
674
674
674
-1
-1
-1
-1
-1
-1
-1
-1
-1
-1
-1
-1
-1
-1
-1
-1
-1
-1
-1
-1
-1
-1
-1
-1
-1
-1
-1
-1
-1
-1
-1
-1
-1
-1
-1
-1
-1
853
853
853
853
853
-1
-1
-1
-1
753
-1
-1
-1
-1
753
753
753
753
753
753
753
