256
256
256
256
256
256
256
256
256
256
256
256
256
51
51
51
51
51
51
51
51
51
51
51
51
135
135
135
135
135
135
135
135
135
135
135
135
135
216
216
216
216
216
216
216
216
216
216
216
57
57
57
57
57
57
57
57
57
40
40
40
40
40
40
40
40
103
103
103
103
103
103
103
103
103
103
89
89
89
89
89
89
89
89
89
89
89
89
89
89
89
89
89
89
89
89
6
6
6
6
6
6
6
6
6
6
6
6
6
6
6
6
6
6
6
6
6
6
6
6
6
6
6
6
198
198
198
198
198
198
198
198
198
198
198
198
198
198
198
198
198
198
198
198
198
198
198
198
198
44
44
44
44
44
-1
-1
-1
-1
-1
-1
-1
-1
-1
-1
243
243
243
243
243
243
243
67
67
67
67
67
67
67
67
55
55
55
55
55
55
55
64
64
64
64
64
137
137
137
137
137
137
137
-1
-1
-1
-1
-1
-1
-1
-1
263
263
263
263
263
31
31
31
31
31
31
73
73
73
73
73
73
73
35
35
35
35
35
35
35
35
35
35
-1
-1
-1
-1
-1
-1
131
131
131
131
131
131
131
131
131
131
8
8
8
8
8
8
8
250
250
250
250
250
250
11
11
11
11
11
11
11
11
11
11
28
28
28
28
28
28
28
28
28
28
28
28
28
28
28
28
7
7
7
7
7
7
7
7
7
7
17
17
17
17
17
17
17
17
17
17
17
17
17
17
220
220
220
220
220
220
220
220
220
220
129
129
129
129
129
129
129
129
129
39
39
39
39
39
50
50
50
50
50
50
50
50
106
106
106
106
106
106
106
-1
-1
-1
-1
-1
-1
-1
-1
-1
-1
26
26
26
26
26
-1
-1
-1
-1
196
196
196
196
196
196
196
-1
-1
-1
18
18
18
18
18
18
-1
-1
-1
-1
-1
-1
-1
-1
-1
-1
15
15
15
15
15
15
15
20
20
20
20
20
20
-1
-1
-1
-1
-1
-1
-1
52
52
52
52
52
207
207
207
207
207
207
207
207
140
140
140
140
140
49
49
49
49
49
49
34
34
34
34
34
34
34
-1
-1
-1
-1
-1
-1
72
72
72
72
72
72
72
72
72
72
72
97
97
97
97
97
97
97
30
30
30
30
30
30
30
30
30
30
253
253
253
253
253
253
253
21
21
21
21
21
21
21
21
21
107
107
107
107
107
107
107
107
69
69
69
69
69
69
-1
-1
-1
-1
244
244
244
244
244
244
-1
-1
-1
0
0
0
0
0
245
245
245
245
245
245
88
88
88
88
88
88
88
88
88
88
88
88
88
-1
-1
86
86
86
86
86
86
86
86
86
86
86
86
-1
-1
-1
-1
-1
-1
-1
-1
-1
-1
-1
-1
-1
-1
-1
-1
-1
-1
-1
-1
-1
-1
-1
-1
-1
-1
-1
-1
-1
-1
-1
-1
19
19
19
19
19
19
19
19
19
19
19
19
19
19
19
19
-1
-1
-1
213
213
213
213
213
213
213
213
213
213
213
213
213
213
213
213
93
93
93
93
93
93
-1
-1
-1
130
130
130
130
130
-1
-1
-1
-1
-1
-1
-1
-1
-1
251
251
251
251
251
251
251
251
251
251
251
251
161
161
161
161
161
-1
-1
-1
-1
182
182
182
182
182
-1
-1
-1
-1
108
108
108
108
108
108
121
121
121
121
121
218
218
218
218
218
218
98
98
98
98
98
98
98
98
-1
-1
-1
-1
164
164
164
164
164
164
164
164
164
164
164
164
164
164
164
-1
-1
-1
-1
-1
-1
-1
-1
-1
-1
-1
-1
-1
42
42
42
42
42
42
42
164
