256
256
256
256
256
256
256
256
256
256
256
256
256
256
427
427
427
427
427
427
427
427
427
216
216
216
216
216
216
216
216
216
216
216
216
526
526
526
526
526
526
526
526
526
526
526
455
455
455
455
455
455
455
455
455
455
455
455
412
412
412
412
412
412
412
412
412
412
412
412
412
412
412
412
412
412
412
6
6
6
6
6
6
6
6
6
6
6
6
6
6
6
6
6
6
6
6
6
6
6
6
6
531
531
531
531
531
531
531
531
531
531
531
531
531
531
531
531
531
531
531
531
531
531
367
367
367
367
367
367
367
367
367
367
367
367
367
367
367
367
367
367
367
367
367
367
367
367
394
394
394
394
394
-1
-1
-1
-1
-1
-1
-1
-1
-1
-1
-1
67
67
67
67
67
67
67
67
67
505
505
505
505
505
505
505
137
137
137
137
137
137
137
137
137
137
508
508
508
508
508
508
508
508
-1
-1
-1
-1
-1
-1
-1
-1
496
496
496
496
496
484
484
484
484
484
73
73
73
73
73
73
73
35
35
35
35
35
35
35
35
35
35
-1
-1
358
358
358
358
358
358
524
524
524
524
524
524
524
524
524
524
326
326
326
326
326
326
326
326
326
326
298
298
298
298
298
298
298
298
298
239
239
239
239
239
239
239
239
208
208
208
208
208
208
208
208
208
208
518
518
518
518
518
518
518
518
518
518
518
518
518
518
518
375
375
375
375
375
375
375
479
479
479
479
479
479
479
479
479
479
479
414
414
414
414
414
414
414
414
414
414
414
39
39
39
39
39
50
50
50
50
50
50
50
50
106
106
106
106
106
106
106
-1
-1
-1
-1
-1
-1
-1
-1
-1
-1
-1
-1
26
26
26
26
26
26
-1
-1
-1
-1
457
457
457
457
457
457
457
-1
-1
18
18
-1
18
18
18
18
18
-1
-1
-1
-1
-1
-1
-1
-1
-1
-1
-1
-1
15
15
15
15
15
15
15
20
20
20
20
20
20
20
-1
-1
-1
-1
-1
-1
-1
-1
-1
310
310
310
310
310
310
310
310
486
486
486
486
486
486
486
49
49
49
49
49
49
34
34
34
34
34
34
34
-1
-1
-1
-1
-1
72
72
72
72
72
72
72
72
72
72
72
97
97
97
97
97
97
97
97
97
488
488
488
488
488
69
69
69
69
69
69
69
69
69
69
441
441
441
441
441
441
441
441
441
441
395
395
395
395
395
395
395
395
395
395
395
395
349
349
349
349
349
92
92
92
92
92
92
92
-1
-1
-1
452
452
452
452
452
436
436
436
436
436
-1
-1
-1
88
88
88
88
88
88
88
88
88
88
88
88
88
-1
86
86
86
86
86
86
86
86
86
86
86
-1
-1
-1
-1
-1
-1
-1
-1
-1
-1
-1
-1
-1
-1
-1
-1
-1
-1
-1
-1
-1
-1
-1
-1
-1
-1
-1
-1
-1
-1
-1
-1
19
19
19
19
19
19
19
19
19
19
19
19
19
19
19
19
19
463
463
463
463
463
463
463
463
463
463
463
463
80
80
80
80
80
80
80
80
80
80
80
80
-1
-1
-1
130
130
130
130
130
130
-1
-1
-1
-1
-1
-1
-1
-1
-1
519
519
519
519
519
519
519
519
519
519
519
519
161
161
161
161
161
-1
-1
-1
516
516
516
516
516
516
-1
-1
-1
-1
-1
-1
-1
-1
121
121
121
121
121
121
121
410
410
410
410
410
410
410
364
364
364
364
364
364
364
364
-1
101
101
101
101
101
101
101
101
101
101
101
101
101
101
101
101
-1
-1
-1
-1
-1
-1
-1
-1
-1
-1
-1
-1
-1
-1
-1
-1
554
554
554
554
554
-1
