753
753
753
753
-1
666
666
666
666
666
666
666
666
666
666
666
666
666
666
666
666
666
666
666
666
666
666
666
666
735
735
735
735
735
735
735
735
735
735
735
735
734
734
734
734
734
734
734
734
734
734
734
734
734
734
734
734
734
734
734
734
734
734
734
839
839
839
839
839
839
839
839
839
839
839
919
919
919
919
919
919
919
919
919
919
919
796
796
796
796
796
796
796
796
796
796
821
821
821
821
821
821
821
821
821
821
821
821
821
821
821
821
821
821
821
777
777
777
777
777
777
777
777
777
777
777
777
777
777
777
777
777
777
777
777
777
777
777
889
889
889
889
889
889
889
889
889
889
889
889
889
889
889
889
889
531
531
531
531
531
531
531
531
531
531
531
531
531
531
531
531
531
531
531
531
531
531
531
531
531
531
531
531
531
531
531
531
531
531
-1
-1
-1
-1
-1
-1
-1
-1
-1
-1
-1
-1
-1
595
595
595
595
595
595
595
864
864
864
864
864
864
864
864
864
879
879
879
879
879
879
879
879
879
879
879
868
868
868
868
868
868
868
-1
-1
-1
-1
887
887
887
887
887
-1
-1
-1
-1
73
73
73
73
73
73
73
73
73
73
73
73
35
35
35
35
35
35
35
35
35
35
-1
-1
899
899
899
899
899
899
774
774
774
774
774
774
774
774
774
774
774
774
915
915
915
915
915
915
915
915
915
915
893
893
893
893
893
893
893
893
893
893
893
893
910
910
910
910
910
910
910
910
910
910
910
910
910
791
791
791
791
791
791
791
791
791
791
791
791
791
791
791
914
914
914
914
914
914
914
914
914
914
914
914
914
914
914
914
914
914
928
928
928
928
928
928
928
928
928
928
928
-1
-1
-1
-1
326
326
326
326
326
326
326
326
326
326
326
326
326
326
326
-1
-1
-1
-1
-1
-1
-1
954
-1
-1
954
954
954
954
954
-1
-1
-1
-1
-1
-1
637
637
637
637
637
637
637
637
637
637
637
637
637
-1
-1
978
978
978
-1
978
978
978
978
-1
-1
-1
967
967
967
967
967
967
967
952
952
952
952
952
952
952
952
-1
-1
-1
-1
-1
-1
-1
-1
-1
-1
-1
-1
-1
-1
852
852
852
852
852
852
852
852
852
852
852
852
852
875
875
875
875
875
875
486
486
486
486
486
486
486
-1
-1
-1
-1
-1
-1
927
927
927
927
927
927
927
927
927
927
927
927
927
927
927
927
927
927
929
929
929
929
929
929
929
929
929
653
653
653
653
653
653
653
653
959
959
959
959
959
959
959
959
959
764
764
764
764
764
764
764
764
968
968
968
968
968
968
968
968
968
622
622
622
622
622
622
903
903
903
903
903
903
903
903
903
827
827
827
827
827
939
939
939
939
939
939
939
939
939
-1
-1
-1
-1
-1
-1
-1
-1
-1
-1
-1
-1
-1
-1
-1
-1
-1
668
668
668
668
668
-1
-1
-1
-1
-1
-1
-1
-1
-1
-1
-1
-1
-1
-1
-1
-1
-1
-1
-1
-1
-1
-1
-1
-1
-1
-1
-1
-1
19
19
19
19
19
19
19
19
19
19
19
19
805
805
805
805
805
805
805
805
805
805
805
805
805
805
805
805
805
805
93
93
93
93
93
93
93
93
93
93
93
-1
-1
-1
849
849
849
849
849
849
-1
-1
-1
849
-1
822
822
-1
-1
-1
-1
-1
-1
-1
-1
-1
822
822
822
161
161
161
161
161
-1
-1
-1
-1
863
863
863
863
863
863
-1
-1
-1
-1
986
986
986
986
986
810
810
810
810
810
810
789
789
789
789
789
789
789
789
789
789
803
803
803
803
803
803
803
-1
-1
-1
-1
-1
938
938
938
938
938
938
938
938
785
785
785
785
785
785
785
765
765
765
765
765
765
765
765
765
765
727
727
727
727
727
727
727
727
727
727
727
727
727
727
727
-1
-1
-1
-1
-1
-1
-1
-1
-1
-1
-1
-1
-1
-1
-1
-1
-1
-1
-1
-1
-1
-1
-1
-1
-1
-1
-1
-1
-1
-1
-1
-1
844
844
844
844
844
-1
-1
-1
-1
-1
-1
-1
-1
753
753
-1
-1
-1
-1
753
753
753
753
753
753
753
