724
724
724
724
-1
666
666
666
666
666
666
666
666
666
666
666
666
666
666
666
671
671
671
671
671
671
671
671
671
671
671
671
671
671
671
734
734
734
734
734
734
734
734
734
734
256
256
256
256
256
256
256
256
256
256
256
256
256
256
256
256
717
717
717
717
717
717
717
717
717
839
839
839
839
839
839
839
839
839
839
839
796
796
796
796
796
796
796
796
796
796
796
796
796
796
796
821
821
821
821
821
821
821
821
821
821
821
821
821
821
821
821
821
821
821
743
743
743
743
743
743
743
743
743
743
743
743
743
743
743
743
743
743
889
889
889
889
889
889
889
889
889
889
889
889
889
889
889
889
889
889
889
889
531
531
531
531
531
531
531
531
531
531
531
531
531
531
531
531
531
531
531
531
531
531
531
531
531
531
531
531
531
531
531
531
531
851
851
851
851
851
-1
-1
-1
-1
-1
-1
-1
-1
-1
-1
-1
-1
595
595
595
595
595
595
864
864
864
864
864
864
864
864
879
879
879
879
879
879
879
879
879
868
868
868
868
868
868
868
868
868
868
868
-1
-1
-1
-1
-1
-1
-1
794
794
794
794
794
794
794
794
73
73
73
73
73
73
73
73
73
73
73
35
35
35
35
35
35
35
35
35
35
-1
-1
774
774
774
774
774
774
774
774
774
637
637
637
637
637
637
637
637
637
637
637
637
637
637
637
637
637
637
637
637
637
637
637
637
637
637
637
637
637
637
637
563
563
563
563
563
563
563
563
563
563
563
563
563
791
791
791
791
791
791
791
791
791
778
778
778
778
778
778
778
778
778
778
778
778
778
778
778
778
778
778
778
778
778
778
778
778
778
778
778
778
778
778
778
778
778
778
778
778
778
778
-1
326
326
326
326
326
326
326
326
326
326
326
326
326
326
326
-1
-1
-1
-1
-1
-1
-1
-1
-1
-1
26
26
26
26
26
-1
-1
-1
888
888
888
888
888
888
888
888
888
-1
-1
669
669
669
669
669
669
669
669
669
669
-1
-1
-1
776
776
776
776
776
776
776
776
776
776
776
776
-1
-1
20
20
20
20
20
20
751
751
751
751
751
751
751
751
751
751
-1
-1
-1
-1
736
736
736
736
736
736
736
736
736
736
736
736
736
736
-1
-1
-1
34
34
34
34
34
34
34
-1
-1
-1
-1
-1
-1
729
729
729
729
729
729
729
729
729
729
729
72
72
72
72
72
72
72
573
573
573
573
573
573
573
573
573
768
768
768
768
768
768
768
768
653
653
653
653
653
653
653
653
653
744
744
744
744
744
744
744
744
371
371
371
371
371
371
371
441
441
441
441
441
622
622
622
622
622
622
622
-1
-1
-1
-1
817
817
817
817
817
817
817
817
817
-1
-1
-1
-1
-1
-1
-1
-1
-1
-1
-1
-1
-1
-1
-1
-1
-1
-1
-1
-1
-1
-1
-1
766
766
766
766
766
766
766
766
766
766
766
766
766
766
766
766
766
766
766
-1
-1
788
788
788
788
788
788
788
788
788
788
788
788
788
788
788
788
788
788
788
19
19
19
19
19
19
19
19
19
19
19
19
805
805
805
805
805
805
805
805
805
805
805
805
93
93
93
93
93
93
93
93
93
93
93
93
93
-1
-1
-1
849
849
849
849
849
-1
-1
-1
-1
-1
-1
-1
-1
-1
-1
-1
-1
-1
-1
-1
-1
-1
-1
161
161
161
161
161
161
-1
-1
-1
-1
516
516
516
516
516
-1
-1
-1
-1
810
810
810
810
810
810
835
835
835
835
835
809
809
809
809
809
809
789
789
789
789
789
803
803
803
803
803
803
-1
-1
800
-1
-1
800
800
800
800
-1
-1
-1
-1
-1
785
785
785
785
-1
-1
785
765
765
765
765
765
765
765
765
765
846
846
846
846
846
846
846
846
674
674
674
674
674
674
674
-1
-1
-1
-1
-1
-1
-1
-1
-1
-1
-1
-1
-1
-1
-1
-1
-1
-1
-1
-1
-1
-1
-1
-1
-1
-1
-1
-1
-1
-1
-1
-1
-1
-1
-1
-1
-1
-1
-1
-1
-1
-1
-1
-1
-1
-1
753
-1
-1
-1
753
753
753
753
724
724
724
724
