-1
-1
-1
-1
-1
666
666
666
666
666
666
666
666
666
666
666
666
666
735
735
735
735
735
735
735
735
735
735
735
735
735
735
735
735
735
735
735
734
734
734
734
734
734
734
734
734
734
256
256
256
256
256
256
256
256
256
256
256
256
256
256
717
717
717
717
717
717
717
717
717
839
839
839
839
839
839
839
839
839
839
839
796
796
796
796
796
796
796
796
796
818
818
818
818
818
818
818
818
818
818
818
821
821
821
821
821
821
821
821
821
821
821
821
821
821
743
743
743
743
743
743
743
743
743
743
743
777
777
777
777
777
777
777
777
777
777
777
777
777
777
777
777
777
777
531
531
531
531
531
531
531
531
531
531
531
531
531
531
531
531
531
531
531
531
531
531
531
531
778
778
778
778
778
778
778
778
778
778
778
778
778
-1
-1
-1
-1
-1
-1
-1
-1
-1
-1
-1
-1
619
619
619
619
619
-1
-1
-1
-1
73
73
73
73
73
73
73
73
73
73
35
35
35
35
35
35
35
35
35
35
-1
-1
774
774
774
774
774
774
567
567
567
567
567
567
567
358
358
358
358
358
358
358
358
358
358
358
358
341
341
341
341
341
341
341
341
341
341
208
208
208
208
208
208
208
208
208
208
208
208
208
208
208
208
208
208
791
791
791
791
791
791
791
791
791
791
791
791
791
791
791
479
479
479
479
479
479
479
479
479
479
479
479
479
479
479
479
628
628
628
628
628
628
628
628
628
628
628
628
39
39
39
39
39
50
50
50
50
50
50
50
50
326
326
326
326
326
326
326
-1
-1
-1
-1
-1
-1
-1
-1
-1
-1
26
26
26
26
26
26
26
-1
-1
-1
183
183
183
183
183
183
183
183
183
-1
-1
-1
457
457
457
457
457
-1
-1
-1
-1
-1
-1
834
834
834
834
834
834
834
834
834
834
834
834
834
834
834
834
834
834
834
-1
-1
88
88
88
88
88
-1
-1
669
669
669
669
669
669
669
669
669
669
669
669
669
669
669
669
669
669
669
669
751
751
751
751
751
751
751
751
751
751
751
751
751
751
751
751
838
838
838
838
838
838
838
838
838
838
838
72
72
72
72
72
72
72
72
72
72
72
72
573
573
573
573
573
573
573
573
768
768
768
768
768
768
768
768
653
653
653
653
653
653
653
653
653
744
744
744
744
744
744
744
744
744
744
744
744
744
371
371
371
371
371
622
622
622
622
622
764
764
764
764
764
-1
-1
-1
-1
775
775
775
775
775
828
828
828
828
828
828
828
-1
-1
-1
-1
-1
-1
-1
-1
-1
-1
-1
-1
-1
-1
-1
-1
-1
-1
-1
-1
-1
-1
-1
-1
-1
-1
-1
-1
-1
-1
-1
-1
-1
-1
-1
-1
-1
-1
-1
-1
-1
-1
840
840
840
840
840
840
840
840
840
840
840
19
19
19
19
19
19
19
19
19
19
19
817
817
817
817
817
817
817
817
817
805
805
805
805
805
805
805
805
93
93
93
93
93
93
93
93
93
93
93
93
736
736
736
736
736
736
736
736
736
736
736
736
736
736
736
736
736
736
736
736
736
736
736
736
736
736
-1
-1
-1
-1
766
766
766
766
766
766
766
766
766
766
766
766
766
766
-1
-1
-1
-1
-1
-1
810
810
810
810
810
810
835
835
835
835
835
776
776
776
776
776
789
789
789
789
789
803
803
803
803
803
803
803
803
803
-1
-1
-1
-1
-1
-1
-1
-1
-1
-1
-1
-1
-1
785
785
785
785
785
-1
785
765
765
765
765
765
765
765
765
765
674
674
674
674
674
681
681
681
681
681
681
681
681
681
681
681
-1
-1
-1
-1
-1
-1
-1
-1
-1
-1
-1
-1
-1
-1
-1
-1
-1
-1
-1
-1
-1
-1
-1
-1
-1
-1
-1
-1
-1
-1
-1
-1
-1
-1
-1
-1
-1
-1
-1
-1
-1
-1
-1
-1
-1
-1
753
-1
-1
-1
-1
753
753
753
753
753
753
753
