256
256
256
256
256
256
256
256
256
256
256
427
427
427
427
427
427
427
427
427
427
427
427
427
427
216
216
216
216
216
216
216
216
216
216
216
216
440
440
440
440
440
440
440
440
440
440
440
440
440
455
455
455
455
455
455
455
455
455
455
455
455
455
455
412
412
412
412
412
412
412
412
412
412
412
412
6
6
6
6
6
6
6
6
6
6
6
6
6
6
6
6
6
6
6
6
6
268
268
268
268
268
268
268
268
268
268
268
268
268
268
268
268
268
394
394
394
394
394
394
394
394
394
394
394
394
394
394
394
394
394
394
394
394
367
367
367
367
367
367
367
367
367
367
367
367
367
367
-1
-1
-1
-1
-1
-1
-1
-1
-1
-1
-1
-1
-1
-1
-1
-1
-1
243
243
243
243
243
243
67
67
67
67
67
67
67
67
67
67
353
353
353
353
353
353
353
353
353
353
137
137
137
137
137
137
137
-1
-1
-1
-1
-1
-1
-1
-1
413
413
413
413
413
464
464
464
464
464
73
73
73
73
73
73
73
35
35
35
35
35
35
35
35
35
35
-1
-1
358
358
358
358
358
358
358
358
298
298
298
298
298
298
298
478
478
478
478
478
478
478
478
478
478
478
478
239
239
239
239
239
239
239
239
239
239
239
208
208
208
208
208
208
208
208
208
208
208
208
208
208
208
319
319
319
319
319
319
375
375
375
375
375
375
375
375
375
7
7
7
7
7
7
7
7
7
479
479
479
479
479
479
479
414
414
414
414
414
414
414
414
414
414
414
414
414
-1
-1
-1
-1
50
50
50
50
50
50
50
50
106
106
106
106
106
106
106
-1
-1
-1
-1
-1
-1
-1
-1
-1
-1
-1
26
26
26
26
26
-1
-1
-1
-1
183
183
183
183
183
183
183
-1
-1
-1
-1
18
18
18
18
18
18
-1
-1
-1
-1
-1
-1
-1
-1
-1
-1
15
15
15
15
15
15
15
20
20
20
20
20
20
-1
-1
-1
-1
-1
-1
-1
-1
-1
-1
-1
-1
310
310
310
310
310
310
310
310
458
458
458
458
458
458
49
49
49
49
49
34
34
34
34
34
34
34
-1
-1
-1
-1
-1
72
72
72
72
72
72
72
72
72
72
97
97
97
97
97
97
97
97
467
467
467
467
467
467
352
352
352
352
352
352
352
69
69
352
69
69
69
441
441
441
441
441
441
441
395
395
395
395
395
395
395
395
371
371
371
371
371
371
371
92
92
92
92
92
452
452
452
452
452
0
0
0
0
0
0
0
-1
-1
-1
-1
-1
-1
-1
88
88
88
88
88
88
88
88
88
88
88
88
88
88
-1
86
86
86
86
86
86
86
86
86
86
86
86
-1
-1
-1
-1
-1
-1
-1
-1
-1
-1
-1
-1
-1
-1
-1
-1
-1
-1
-1
-1
-1
-1
-1
-1
-1
-1
-1
-1
-1
-1
-1
19
19
19
19
19
19
19
19
19
19
19
19
19
19
19
19
-1
-1
463
463
463
463
463
463
463
463
463
463
463
463
80
80
80
80
80
80
80
80
80
80
-1
-1
-1
130
130
130
130
130
130
-1
-1
-1
-1
-1
-1
-1
-1
-1
415
415
415
415
415
415
415
415
415
415
415
415
161
161
161
161
161
161
-1
-1
-1
-1
460
460
460
460
460
460
-1
-1
-1
-1
-1
-1
-1
-1
121
121
121
121
121
121
121
410
410
410
410
410
410
410
364
364
364
364
364
364
364
-1
-1
-1
164
164
164
164
164
164
164
164
164
164
164
164
164
164
164
164
-1
-1
-1
-1
-1
-1
-1
-1
-1
-1
-1
-1
-1
421
421
421
421
421
421
