256
256
256
256
256
256
256
256
256
256
256
256
256
256
256
427
427
427
427
427
427
427
427
57
57
57
57
57
57
57
57
57
57
57
57
57
57
57
216
216
216
216
216
216
216
216
440
440
440
440
440
440
440
440
440
440
440
440
365
365
365
365
365
365
365
365
365
365
412
412
412
412
412
412
412
412
412
6
6
6
6
6
6
6
6
6
6
6
6
6
6
6
6
6
6
6
394
394
394
394
394
394
394
394
394
394
394
394
394
394
394
394
394
394
394
394
394
394
394
394
394
394
394
268
268
268
268
268
268
268
268
268
268
268
268
268
268
268
268
268
268
268
268
268
268
268
268
268
-1
-1
-1
-1
-1
-1
-1
-1
-1
-1
-1
-1
-1
-1
-1
-1
243
243
243
243
243
243
243
243
243
243
353
353
353
353
353
353
67
67
67
67
67
67
67
67
137
137
137
137
137
137
137
137
137
137
-1
-1
-1
-1
-1
-1
-1
-1
-1
-1
-1
-1
-1
-1
-1
-1
73
73
73
73
73
73
73
73
73
73
35
35
35
35
35
35
35
35
35
35
-1
-1
358
358
358
358
358
358
358
358
239
239
239
239
239
239
239
239
298
298
298
298
298
341
341
341
341
341
341
341
341
341
341
341
341
326
326
326
326
326
326
326
326
326
326
208
208
208
208
208
208
208
208
208
208
319
319
319
319
319
319
319
319
319
319
319
319
319
319
319
375
375
375
375
375
375
375
129
129
129
129
129
129
129
129
129
129
414
414
414
414
414
414
414
414
414
414
414
414
39
39
39
39
39
50
50
50
50
50
50
50
50
106
106
106
106
106
106
106
-1
-1
-1
-1
-1
-1
-1
-1
-1
-1
26
26
26
26
26
-1
-1
-1
-1
-1
-1
-1
-1
-1
-1
-1
-1
-1
-1
18
18
18
18
18
18
-1
-1
-1
-1
-1
-1
-1
-1
-1
-1
-1
15
15
15
15
15
15
15
20
20
20
20
20
20
-1
-1
-1
-1
-1
-1
-1
-1
-1
-1
-1
-1
310
310
310
310
310
310
310
310
310
-1
-1
-1
-1
49
49
49
49
49
49
34
34
34
34
34
34
34
-1
-1
-1
-1
-1
-1
72
72
72
72
72
72
72
72
72
72
72
97
97
97
97
97
97
97
352
352
352
352
352
352
409
409
409
409
409
409
409
409
409
409
69
69
69
69
69
69
69
69
69
69
395
395
395
395
395
395
395
107
107
107
107
107
107
107
92
92
92
92
92
92
92
92
349
349
349
349
349
349
-1
-1
-1
-1
436
436
436
436
436
-1
-1
-1
88
88
88
88
88
88
88
88
88
88
88
88
88
-1
86
86
86
86
86
86
86
86
86
86
86
86
-1
-1
-1
-1
-1
-1
-1
-1
-1
-1
-1
-1
-1
-1
-1
-1
-1
-1
-1
-1
-1
-1
-1
-1
-1
-1
-1
-1
-1
-1
-1
-1
19
19
19
19
19
19
19
19
19
19
19
19
19
19
19
19
19
-1
-1
93
93
93
93
93
93
93
93
93
93
93
93
93
93
80
80
80
80
80
80
80
80
-1
-1
-1
130
130
130
130
130
130
-1
-1
-1
-1
-1
-1
-1
-1
-1
-1
340
340
340
340
340
340
340
340
340
340
340
340
-1
-1
-1
-1
-1
-1
-1
438
438
438
438
438
438
-1
-1
-1
-1
108
108
108
108
108
108
121
121
121
121
121
121
-1
-1
410
410
410
410
410
410
364
364
364
364
364
364
364
364
-1
164
164
164
164
164
164
164
164
164
164
164
164
164
164
164
164
164
-1
-1
-1
-1
-1
-1
-1
-1
-1
-1
-1
-1
-1
-1
-1
421
421
421
421
421
421
421
