256
256
256
256
256
256
256
570
570
570
570
570
570
570
570
570
570
570
570
570
570
570
570
526
526
526
526
526
526
526
526
526
526
526
526
455
455
455
455
455
455
455
455
455
455
412
412
412
412
412
412
412
631
631
631
631
631
631
631
631
631
631
631
631
631
620
620
620
620
620
620
620
620
620
6
6
6
6
6
6
6
6
6
6
6
6
6
615
615
615
615
615
615
615
615
615
615
615
615
615
615
615
531
531
531
531
531
531
531
531
531
531
531
531
531
531
531
531
531
531
531
531
389
389
389
389
389
389
389
389
389
389
389
389
389
389
389
389
389
389
389
389
389
389
389
-1
-1
-1
-1
-1
-1
-1
-1
-1
-1
-1
-1
-1
-1
-1
-1
505
505
505
505
505
505
586
586
586
586
586
586
586
586
586
618
618
618
618
618
618
618
618
618
618
618
361
361
361
361
361
361
361
361
-1
-1
-1
-1
-1
-1
-1
-1
619
619
619
619
619
484
484
484
484
484
73
73
73
73
73
73
73
35
35
35
35
35
35
35
35
35
35
-1
-1
567
567
567
567
567
524
524
524
524
524
524
524
524
341
341
341
341
341
341
341
341
563
563
563
563
563
563
563
563
563
563
563
563
326
326
326
326
326
326
326
326
208
208
208
208
208
208
208
208
208
208
208
208
596
596
596
596
596
596
596
641
641
641
641
641
641
641
641
479
479
479
479
479
479
479
479
479
588
588
588
588
588
588
588
588
588
588
588
588
588
628
628
628
628
628
628
628
39
39
39
39
39
50
50
50
50
50
50
50
50
106
106
106
106
106
106
106
-1
-1
-1
-1
-1
-1
-1
-1
-1
-1
-1
-1
26
26
26
26
26
-1
-1
-1
-1
457
457
457
457
457
457
-1
-1
457
-1
18
18
18
18
18
18
-1
-1
-1
-1
-1
-1
-1
-1
-1
-1
-1
15
15
15
15
15
15
15
20
20
20
20
20
20
20
-1
-1
-1
-1
-1
-1
417
417
417
417
417
310
310
310
310
310
310
310
310
310
486
486
486
486
486
49
49
49
49
49
34
34
34
34
34
34
34
-1
-1
-1
-1
-1
72
72
72
72
72
72
72
72
72
72
72
72
97
97
97
97
97
97
97
97
633
633
633
633
633
633
633
633
441
441
441
441
441
441
441
441
441
441
441
573
573
573
573
573
573
587
587
587
587
587
587
587
587
587
587
587
587
0
0
0
0
0
371
371
371
371
371
622
622
622
622
622
92
92
92
92
92
436
436
436
436
436
-1
-1
-1
-1
88
88
88
88
88
88
88
88
88
88
88
88
88
86
86
86
86
86
86
86
86
86
86
86
86
-1
-1
-1
-1
-1
-1
-1
-1
-1
-1
-1
-1
-1
-1
-1
-1
-1
-1
-1
-1
-1
-1
-1
-1
-1
-1
-1
-1
-1
-1
19
19
19
19
19
19
19
19
19
19
19
19
19
19
19
19
19
-1
-1
93
93
93
93
93
93
93
93
93
93
93
93
93
93
93
80
80
80
80
80
80
80
-1
-1
-1
130
130
130
130
130
130
-1
-1
-1
-1
-1
-1
-1
-1
-1
519
519
519
519
519
519
519
519
519
519
519
519
161
161
161
161
161
-1
-1
-1
-1
516
516
516
516
516
516
-1
-1
-1
-1
108
108
108
108
108
108
121
121
121
121
121
121
602
571
571
571
571
571
571
602
602
602
602
640
640
640
640
640
640
-1
-1
637
637
637
637
637
637
637
637
637
637
637
637
637
637
637
637
637
637
-1
-1
-1
-1
-1
-1
-1
-1
-1
554
554
554
554
554
554
554
554
554
554
554
