46
46
46
46
46
46
46
46
46
46
46
51
51
51
51
51
51
51
51
51
51
51
135
135
135
135
135
135
135
135
135
135
135
57
57
57
57
57
57
57
57
57
103
103
103
103
103
103
103
103
40
40
40
40
40
40
40
40
40
40
40
40
40
58
58
58
58
58
58
58
58
58
58
6
6
6
6
6
6
6
6
6
6
6
6
6
6
6
6
6
6
6
151
151
151
151
151
151
151
151
151
151
151
151
151
151
151
151
151
151
151
151
151
151
151
151
151
151
151
102
102
102
102
102
102
102
102
102
102
102
102
102
102
102
102
102
102
102
102
102
102
102
102
102
102
32
32
32
32
32
-1
-1
-1
-1
-1
-1
-1
-1
-1
-1
55
55
55
55
55
55
24
24
24
24
24
24
24
24
67
67
67
67
67
156
156
156
156
156
156
156
156
156
83
83
83
83
83
83
-1
-1
-1
-1
-1
-1
-1
-1
-1
-1
-1
-1
-1
-1
-1
73
73
73
73
73
73
73
73
73
73
35
35
35
35
35
35
35
35
35
35
-1
-1
48
48
48
48
48
48
48
48
48
111
111
111
111
111
111
111
111
111
11
11
11
11
11
11
11
11
11
11
25
25
25
25
25
25
25
8
8
8
8
8
8
8
8
28
28
28
28
28
28
28
28
28
28
7
7
7
7
7
7
7
7
7
7
7
7
7
7
7
17
17
17
17
17
17
17
17
17
17
17
129
129
129
129
129
129
129
129
129
23
23
23
23
23
23
23
23
23
-1
-1
-1
-1
50
50
50
50
50
50
50
50
106
106
106
106
106
106
106
-1
-1
-1
-1
-1
-1
-1
-1
-1
-1
-1
26
26
26
26
26
-1
-1
-1
-1
43
43
43
43
43
43
43
-1
-1
43
18
18
18
18
18
18
-1
-1
-1
-1
-1
-1
-1
-1
-1
-1
15
15
15
15
15
15
15
20
20
20
20
20
20
-1
-1
-1
-1
-1
-1
-1
-1
52
52
52
52
52
140
140
140
140
140
140
87
87
87
87
87
87
87
49
49
49
49
49
34
34
34
34
34
34
34
-1
-1
-1
-1
-1
72
72
72
72
72
72
72
72
72
72
72
97
97
97
97
97
97
97
97
97
30
30
30
30
30
30
30
30
94
94
94
94
94
94
94
21
21
21
21
21
21
21
21
21
21
9
9
9
9
9
9
9
9
9
9
107
107
107
107
107
69
69
69
69
69
69
109
109
109
109
109
109
0
0
0
0
0
-1
-1
-1
-1
88
88
88
88
88
88
88
88
88
88
88
88
88
-1
-1
-1
-1
-1
86
86
86
86
86
86
86
86
86
86
86
-1
-1
-1
-1
-1
-1
-1
-1
-1
-1
-1
-1
-1
-1
-1
-1
-1
-1
-1
-1
-1
-1
-1
-1
-1
-1
-1
-1
-1
-1
-1
-1
19
19
19
19
19
19
19
19
19
19
19
19
19
19
19
19
19
-1
-1
-1
80
80
80
80
80
80
80
80
80
80
80
93
93
93
93
93
93
93
93
93
93
-1
-1
-1
130
130
130
130
130
130
-1
-1
-1
-1
-1
-1
-1
-1
-1
-1
-1
-1
-1
-1
91
91
91
91
91
91
91
70
70
70
70
70
70
70
-1
-1
-1
-1
143
143
143
143
143
143
-1
-1
-1
-1
108
108
108
108
108
108
121
121
121
121
121
128
128
128
128
128
128
128
98
98
98
98
98
98
98
98
134
134
134
134
134
134
134
-1
101
101
101
101
101
101
101
101
101
101
101
-1
-1
-1
-1
-1
-1
42
42
42
42
42
42
42
42
42
42
42
42
42
-1
-1
-1
-1
