256
256
256
256
256
256
256
256
256
570
570
570
570
570
570
570
570
570
570
570
570
570
570
526
526
526
526
526
526
526
526
526
526
526
526
526
526
526
569
569
569
569
569
569
569
569
569
412
412
412
412
412
412
412
412
412
412
412
620
620
620
620
620
620
620
620
620
620
620
620
620
620
620
620
6
6
6
6
6
6
6
6
6
6
615
615
615
615
615
615
615
615
615
615
615
615
615
615
615
615
615
531
531
531
531
531
531
531
531
531
531
531
531
531
531
531
531
531
531
531
531
531
531
531
531
531
433
433
433
433
433
433
433
433
433
433
433
433
433
433
433
433
433
433
433
433
389
389
389
389
389
-1
-1
-1
-1
-1
-1
-1
-1
-1
-1
-1
-1
505
505
505
505
505
505
586
586
586
586
586
586
586
586
618
618
618
618
618
618
618
618
618
618
618
361
361
361
361
361
361
361
361
-1
-1
-1
-1
-1
-1
-1
608
608
608
608
608
608
484
484
484
484
484
73
73
73
73
73
73
73
35
35
35
35
35
35
35
35
35
35
-1
-1
567
567
567
567
567
567
567
567
341
341
341
341
341
341
341
341
341
341
358
358
358
358
358
358
358
563
563
563
563
563
563
563
563
326
326
326
326
326
326
326
326
326
326
208
208
208
208
208
208
208
208
208
208
596
596
596
596
596
596
596
641
641
641
641
641
641
641
641
479
479
479
479
479
479
479
479
479
479
479
479
588
588
588
588
588
588
588
588
588
588
628
628
628
628
628
628
628
39
39
39
39
39
50
50
50
50
50
50
50
50
106
106
106
106
106
106
106
-1
-1
-1
-1
-1
-1
-1
-1
-1
-1
-1
26
26
26
26
26
26
-1
-1
-1
-1
183
183
183
183
183
183
183
183
-1
-1
-1
18
18
18
18
18
18
-1
-1
-1
-1
-1
-1
-1
-1
-1
-1
-1
15
15
15
15
15
15
15
20
20
20
20
20
20
-1
-1
-1
-1
-1
-1
-1
-1
-1
-1
-1
-1
310
310
310
310
310
310
486
486
486
486
486
486
486
486
49
49
49
49
49
34
34
34
34
34
34
34
-1
-1
-1
-1
-1
-1
72
72
72
72
72
72
72
72
72
72
97
97
97
97
97
97
97
97
97
633
633
633
633
633
633
633
633
633
441
441
441
441
441
441
441
573
573
573
573
573
573
573
573
573
584
584
584
584
584
584
584
584
349
349
349
349
349
349
349
371
371
371
371
371
371
371
-1
-1
-1
-1
92
92
92
92
92
92
436
436
436
436
436
452
452
452
452
452
452
88
88
88
88
88
88
88
88
88
88
88
88
86
86
86
86
86
86
86
86
86
86
86
86
-1
-1
-1
-1
-1
-1
-1
-1
-1
-1
-1
-1
-1
-1
-1
-1
-1
-1
-1
-1
-1
-1
-1
-1
-1
-1
-1
-1
-1
-1
19
19
19
19
19
19
19
19
19
19
19
19
19
19
19
19
19
463
463
463
463
463
463
463
463
463
80
80
80
80
80
80
80
80
80
80
80
80
80
80
80
-1
-1
-1
130
130
130
130
130
130
-1
-1
-1
-1
-1
-1
-1
-1
-1
-1
519
519
519
519
519
519
519
519
519
519
519
519
-1
-1
-1
-1
360
360
360
360
360
516
516
516
516
516
-1
-1
-1
-1
-1
-1
-1
-1
121
121
121
121
121
121
121
121
-1
-1
-1
-1
-1
-1
-1
640
640
640
640
640
640
640
640
-1
-1
-1
101
101
101
101
101
101
101
101
101
101
101
101
101
101
101
-1
-1
-1
-1
-1
-1
-1
-1
-1
-1
554
554
554
554
554
554
554
554
554
554
554
-1
