256
256
256
256
256
256
256
256
256
256
256
256
256
256
256
256
570
570
570
570
570
570
570
570
570
216
216
216
216
216
216
216
216
216
216
216
216
216
216
569
569
569
569
569
569
569
569
569
569
569
455
455
455
455
455
455
455
455
455
455
455
455
455
455
455
455
412
412
412
412
412
412
412
412
412
412
6
6
6
6
6
6
6
6
6
6
6
6
6
6
6
6
6
6
6
6
6
6
6
6
6
268
268
268
268
268
268
268
268
268
268
268
268
268
531
531
531
531
531
531
531
531
531
531
531
531
531
531
531
531
531
389
389
389
389
389
389
389
389
389
389
389
389
389
389
389
389
-1
-1
-1
-1
-1
-1
-1
-1
-1
-1
-1
-1
-1
-1
-1
-1
-1
67
67
67
67
67
67
67
67
505
505
505
505
505
505
505
505
505
505
595
595
595
595
595
595
595
595
361
361
361
361
361
361
361
361
-1
-1
-1
-1
-1
-1
-1
-1
492
492
492
492
492
484
484
484
484
484
73
73
73
73
73
73
73
35
35
35
35
35
35
35
35
35
35
-1
-1
567
567
567
567
567
567
567
567
567
567
563
563
563
563
563
563
563
563
341
341
341
341
341
341
341
341
341
341
239
239
239
239
239
239
239
239
239
239
239
239
239
239
239
208
208
208
208
208
208
208
208
208
208
596
596
596
596
596
596
596
518
518
518
518
518
518
518
518
518
518
518
518
518
518
588
588
588
588
588
588
588
588
588
588
588
588
588
414
414
414
414
414
414
414
414
414
414
39
39
39
39
39
50
50
50
50
50
50
50
50
106
106
106
106
106
106
106
-1
-1
-1
-1
-1
-1
-1
-1
-1
-1
-1
26
26
26
26
26
-1
-1
-1
-1
183
183
183
183
183
183
-1
-1
-1
18
-1
18
18
18
18
18
18
-1
-1
-1
-1
-1
-1
-1
-1
-1
-1
15
15
15
15
15
15
15
20
20
20
20
20
20
-1
-1
-1
-1
-1
-1
-1
-1
-1
-1
-1
-1
310
310
310
310
310
310
310
486
486
486
486
486
486
49
49
49
49
49
49
34
34
34
34
34
34
34
-1
-1
-1
-1
-1
72
72
72
72
72
72
72
72
72
72
72
72
97
97
97
97
97
97
97
97
69
69
69
69
69
69
69
69
69
69
441
441
441
441
441
573
573
573
573
573
573
573
573
573
573
371
371
371
371
371
371
371
371
371
371
371
371
584
584
584
584
584
584
349
349
349
349
349
349
349
92
92
92
92
92
92
92
436
436
436
436
436
-1
-1
-1
88
88
88
88
88
88
88
88
88
88
88
88
88
86
86
86
86
86
86
86
86
86
86
86
86
-1
-1
-1
-1
-1
-1
-1
-1
-1
-1
-1
-1
-1
-1
-1
-1
-1
-1
-1
-1
-1
-1
-1
-1
-1
-1
-1
-1
-1
-1
-1
19
19
19
19
19
19
19
19
19
19
19
19
19
19
19
19
19
-1
-1
93
93
93
93
93
93
93
93
93
93
93
93
93
93
93
80
80
80
80
80
80
80
-1
-1
-1
130
130
130
130
130
130
-1
-1
-1
-1
-1
-1
-1
-1
-1
519
519
519
519
519
519
519
519
519
519
519
519
-1
-1
-1
-1
-1
-1
-1
516
516
516
516
516
516
-1
-1
-1
-1
108
108
108
108
108
108
121
121
121
121
121
583
583
583
583
583
583
583
562
562
562
562
571
571
571
571
571
562
-1
101
101
101
101
101
101
101
101
101
101
101
101
101
101
101
101
-1
-1
-1
-1
-1
-1
-1
-1
-1
-1
-1
-1
-1
-1
554
554
554
554
554
554
554
-1
