753
753
753
753
-1
666
666
666
666
666
666
666
666
666
666
666
666
666
666
666
666
666
666
666
666
666
666
666
843
843
843
843
843
843
843
843
843
843
843
843
843
843
843
843
843
843
843
843
843
843
734
734
734
734
734
734
734
734
734
734
734
734
734
734
839
839
839
839
839
839
839
839
839
839
839
839
839
839
919
919
919
919
919
919
919
919
919
919
919
919
919
919
919
919
919
919
821
821
821
821
821
821
821
821
821
821
821
821
821
821
821
821
821
821
821
777
777
777
777
777
777
777
777
777
777
777
777
777
777
777
777
777
777
777
777
777
889
889
889
889
889
889
889
889
889
889
889
889
889
889
889
889
889
889
889
889
889
531
531
531
531
531
531
531
531
531
531
531
531
531
531
531
531
531
531
531
531
531
531
531
531
531
531
531
531
531
937
937
937
937
937
-1
-1
-1
-1
-1
-1
-1
-1
-1
-1
-1
-1
-1
864
864
864
864
864
864
864
864
595
595
595
595
595
595
595
595
595
879
879
879
879
879
879
879
868
868
868
868
868
868
868
868
868
-1
-1
-1
-1
-1
-1
-1
-1
794
794
794
794
794
794
794
794
484
484
484
484
484
73
73
73
73
73
73
73
35
35
35
35
35
35
35
35
35
35
-1
-1
899
899
899
899
899
899
899
899
899
899
774
774
774
774
774
774
774
774
774
774
774
774
893
893
893
893
893
893
893
893
893
893
915
915
915
915
915
915
915
915
915
915
915
915
915
915
915
915
915
915
915
915
915
791
791
791
791
791
791
791
791
791
791
791
791
791
791
791
914
914
914
914
914
914
914
914
914
914
914
914
928
928
928
928
928
928
928
928
928
928
928
928
928
928
928
928
930
930
930
930
930
930
326
326
326
326
326
326
326
326
326
326
326
326
326
326
326
-1
-1
-1
-1
-1
-1
-1
778
778
778
778
778
778
778
778
778
778
778
778
778
778
778
778
778
778
778
778
778
925
925
925
925
925
925
925
637
637
637
637
637
637
637
637
637
637
637
637
637
637
637
637
637
15
15
15
15
15
15
15
-1
-1
-1
-1
895
895
895
895
895
895
933
933
933
933
933
-1
-1
-1
852
852
852
852
852
852
852
852
852
852
898
898
898
898
898
898
898
898
898
898
898
898
898
898
486
486
486
486
486
-1
-1
-1
927
927
927
927
927
927
927
927
927
927
927
927
927
927
927
927
927
927
927
927
573
573
573
573
573
573
573
573
573
573
929
929
929
929
929
929
929
929
929
653
653
653
653
653
653
764
764
764
764
764
764
764
764
764
764
764
764
371
371
371
371
371
371
371
371
371
371
903
903
903
903
903
622
622
622
622
622
-1
-1
-1
939
939
939
939
939
932
932
932
932
932
932
932
-1
-1
-1
-1
-1
-1
-1
-1
-1
-1
-1
-1
-1
-1
-1
-1
-1
-1
-1
-1
-1
-1
-1
-1
-1
-1
-1
-1
-1
-1
-1
-1
-1
-1
-1
-1
-1
-1
-1
-1
-1
-1
-1
-1
-1
-1
-1
-1
-1
-1
19
19
19
19
19
19
19
19
19
19
19
19
19
19
19
19
19
805
805
805
805
805
805
805
805
805
805
805
805
93
93
93
93
93
93
93
93
93
93
93
93
-1
-1
-1
849
849
849
849
849
849
-1
-1
-1
-1
-1
-1
-1
-1
-1
-1
-1
-1
-1
161
161
161
-1
-1
161
161
161
161
161
161
161
848
848
848
848
848
-1
-1
-1
-1
-1
-1
-1
-1
810
810
810
810
810
810
835
835
835
835
835
789
789
789
789
789
789
803
803
803
803
803
803
803
803
803
803
803
-1
-1
745
-1
-1
745
745
745
745
-1
-1
-1
-1
-1
-1
-1
-1
-1
-1
-1
765
765
765
765
765
765
765
765
765
765
765
765
727
727
727
727
727
727
727
727
727
727
727
727
727
-1
-1
-1
-1
-1
-1
-1
-1
-1
-1
-1
-1
-1
-1
-1
-1
-1
-1
-1
-1
-1
-1
-1
-1
-1
-1
-1
-1
-1
-1
-1
-1
-1
-1
-1
-1
-1
-1
-1
-1
-1
-1
-1
-1
-1
-1
753
753
-1
-1
753
753
753
753
753
753
753
753
