-1
-1
-1
-1
-1
666
666
666
666
666
666
666
666
666
666
666
735
735
735
735
735
735
735
735
735
735
735
735
735
671
671
671
671
671
671
671
671
671
671
671
671
671
671
671
671
734
734
734
734
734
734
734
734
734
734
256
256
256
256
256
256
256
256
256
717
717
717
717
717
717
717
717
717
717
717
717
717
717
717
717
663
663
663
663
663
663
663
663
663
663
663
663
663
663
663
663
663
663
663
663
663
663
663
663
663
663
663
663
663
663
663
663
663
663
743
743
743
743
743
743
743
743
743
743
743
743
743
743
743
743
743
743
743
743
743
743
743
743
743
743
637
637
637
637
637
637
637
637
637
637
637
637
637
637
637
637
637
637
637
637
637
637
637
637
637
637
637
637
637
637
637
531
531
531
531
531
531
531
531
531
531
531
531
531
531
531
268
268
268
268
268
-1
-1
-1
-1
-1
-1
-1
-1
-1
-1
-1
-1
-1
505
505
505
505
505
505
505
737
737
737
737
737
737
737
737
618
618
618
618
618
618
618
618
618
361
361
361
361
361
361
361
361
361
-1
-1
-1
-1
-1
-1
-1
619
619
619
619
619
619
484
484
484
484
484
484
73
73
73
73
73
73
73
35
35
35
35
35
35
35
35
35
35
-1
-1
524
524
524
524
524
524
524
567
567
567
567
567
567
567
358
358
358
358
358
358
341
341
341
341
341
341
341
341
341
563
563
563
563
563
563
563
563
563
563
563
563
563
563
208
208
208
208
208
208
208
208
208
208
596
596
596
596
596
596
596
596
596
596
596
596
596
596
596
628
628
628
628
628
628
628
628
628
628
628
628
628
628
628
628
479
479
479
479
479
479
479
479
479
479
479
479
39
39
39
39
39
326
326
326
326
326
326
326
326
50
50
50
50
50
50
50
-1
-1
-1
-1
-1
-1
-1
-1
-1
-1
26
26
26
26
26
26
26
-1
-1
183
183
183
183
183
183
183
-1
-1
-1
-1
-1
457
457
457
457
457
-1
-1
-1
-1
-1
-1
-1
-1
-1
-1
-1
-1
15
15
15
15
15
15
15
20
20
20
20
20
20
-1
-1
-1
-1
-1
-1
-1
-1
-1
-1
310
310
310
310
310
486
486
486
486
486
486
486
486
751
751
751
751
751
751
751
751
751
751
751
751
751
732
732
732
732
732
732
732
732
732
732
732
732
732
732
732
729
729
729
729
729
729
729
729
729
729
729
573
573
573
573
573
573
573
573
441
441
441
441
441
441
441
441
441
441
441
653
653
653
653
653
653
349
349
349
349
349
349
349
349
349
349
349
349
371
371
371
371
371
371
-1
-1
-1
-1
744
744
744
744
744
86
86
86
86
86
86
86
86
-1
-1
-1
-1
638
638
638
638
638
-1
-1
-1
-1
-1
-1
-1
-1
-1
-1
-1
-1
-1
-1
-1
-1
-1
-1
-1
-1
-1
-1
-1
-1
-1
-1
-1
-1
-1
-1
-1
-1
-1
-1
-1
-1
-1
-1
-1
-1
-1
-1
-1
-1
-1
-1
-1
-1
-1
-1
-1
-1
19
19
19
19
19
19
19
19
19
19
19
19
19
19
19
19
19
-1
-1
93
93
93
93
93
93
93
93
93
93
93
93
93
93
93
80
80
80
80
80
80
80
-1
-1
-1
130
130
130
130
130
130
-1
-1
-1
519
519
519
519
519
519
519
519
519
519
519
519
519
749
749
749
749
749
749
749
749
749
749
749
749
749
749
749
749
749
749
749
749
749
749
749
749
749
749
749
749
749
749
-1
-1
-1
108
108
108
108
108
108
658
658
658
658
658
658
658
658
658
658
658
658
658
658
658
658
658
658
658
658
658
658
658
-1
-1
-1
-1
-1
-1
-1
-1
-1
745
745
745
745
745
-1
745
757
757
757
757
757
765
765
765
765
765
765
765
733
733
733
733
733
669
669
669
669
669
669
669
669
669
669
669
669
669
669
669
669
669
669
669
697
697
697
697
697
697
697
697
697
697
697
697
697
697
697
697
697
697
697
697
697
697
697
697
-1
-1
-1
-1
-1
-1
-1
-1
-1
-1
-1
752
-1
-1
-1
-1
752
752
752
752
752
752
752
