-1
-1
-1
-1
-1
666
666
666
666
666
666
666
666
666
666
666
666
666
666
666
666
666
671
671
671
671
671
671
671
671
671
671
671
671
671
734
734
734
734
734
734
734
734
734
734
256
256
256
256
256
256
256
256
256
256
256
256
256
256
256
256
717
717
717
717
717
717
717
717
717
717
717
717
717
717
717
796
796
796
796
796
796
796
796
818
818
818
818
818
818
818
821
821
821
821
821
821
821
821
821
821
821
778
778
778
778
778
778
778
778
778
778
778
778
778
663
663
663
663
663
663
663
663
663
663
663
663
663
663
663
663
663
663
663
663
663
663
663
663
663
663
663
663
663
663
663
637
637
637
637
637
637
637
637
637
637
637
637
637
637
637
637
637
637
637
637
637
637
637
637
637
637
637
637
637
637
637
637
637
531
531
531
531
531
531
531
531
531
-1
-1
-1
-1
-1
-1
-1
-1
-1
-1
-1
-1
-1
-1
-1
-1
505
505
505
505
505
505
505
505
505
505
595
595
595
595
595
595
595
618
618
618
618
618
361
361
361
361
361
361
361
361
361
361
361
-1
-1
-1
-1
-1
-1
-1
-1
619
619
619
619
619
484
484
484
484
484
484
73
73
73
73
73
73
73
35
35
35
35
35
35
35
35
35
35
-1
-1
524
524
524
524
524
774
774
774
774
774
774
774
774
358
358
358
358
358
358
358
819
819
819
819
819
819
819
819
341
341
341
341
341
341
341
563
563
563
563
563
563
563
563
208
208
208
208
208
208
208
208
208
208
791
791
791
791
791
791
791
791
791
791
791
791
791
791
791
479
479
479
479
479
479
479
479
479
479
479
741
741
741
741
741
741
741
741
628
628
628
628
628
628
628
628
628
39
39
39
39
39
326
326
326
326
326
326
326
326
326
50
50
50
50
50
50
50
-1
-1
-1
-1
-1
-1
-1
-1
-1
26
26
26
26
26
26
26
-1
-1
-1
183
183
183
183
183
183
183
-1
-1
-1
-1
-1
457
457
457
457
457
-1
-1
-1
-1
-1
732
732
732
732
732
732
-1
-1
-1
-1
-1
-1
-1
-1
-1
-1
20
20
20
20
20
20
-1
-1
-1
-1
-1
-1
-1
-1
-1
-1
-1
417
417
417
417
417
417
417
417
-1
-1
88
88
88
88
88
88
88
88
-1
34
34
34
34
34
34
34
-1
-1
-1
-1
-1
72
72
72
72
72
72
72
72
72
72
729
729
729
729
729
729
729
729
729
573
573
573
573
573
573
573
573
573
573
441
441
441
441
441
441
653
653
653
653
653
653
653
788
788
788
788
788
788
788
788
788
788
788
788
669
669
669
669
669
669
669
669
669
669
669
669
669
669
669
669
669
669
669
669
669
669
669
669
669
669
669
669
669
814
814
814
814
814
814
814
814
814
814
814
814
814
814
814
814
814
814
814
814
814
814
814
814
814
814
814
814
80
80
80
80
80
80
80
80
80
80
80
817
817
817
817
817
817
817
817
-1
-1
-1
-1
-1
-1
-1
-1
-1
519
519
519
519
519
519
519
519
-1
-1
-1
-1
-1
-1
-1
-1
-1
-1
-1
-1
-1
-1
161
161
161
161
161
-1
-1
-1
-1
-1
-1
-1
-1
-1
-1
-1
-1
813
813
813
813
813
813
813
813
813
813
-1
813
813
813
813
766
766
766
766
766
766
766
809
809
809
809
809
809
803
803
803
803
803
803
803
803
803
-1
-1
-1
-1
776
776
776
776
776
776
776
776
776
776
776
776
776
776
776
736
736
736
736
736
736
736
736
736
736
736
736
736
736
674
674
674
674
674
674
674
-1
-1
-1
-1
-1
-1
-1
-1
-1
-1
-1
-1
-1
-1
-1
-1
-1
-1
-1
-1
-1
-1
-1
-1
-1
-1
-1
-1
-1
-1
-1
-1
-1
-1
-1
-1
-1
-1
-1
-1
-1
-1
-1
-1
-1
-1
-1
-1
-1
-1
-1
-1
-1
753
-1
-1
-1
-1
753
753
753
753
753
753
753
