256
256
256
256
256
256
256
256
256
256
256
256
256
427
427
427
427
427
427
427
427
427
427
216
216
216
216
216
216
216
216
216
216
216
216
216
440
440
440
440
440
440
440
440
440
440
365
365
365
365
365
365
365
365
365
365
365
365
365
365
365
412
412
412
412
412
412
412
412
412
412
412
412
412
412
412
6
6
6
6
6
6
6
6
6
6
6
6
6
6
6
268
268
268
268
268
268
268
268
268
268
268
268
389
389
389
389
389
389
389
389
389
389
389
389
389
389
389
389
389
389
389
389
367
367
367
367
367
367
367
367
367
367
367
367
367
367
367
367
367
367
367
367
367
367
367
367
367
367
-1
-1
-1
-1
-1
-1
-1
-1
-1
-1
-1
-1
-1
-1
-1
-1
-1
-1
353
353
353
353
353
353
353
353
505
505
505
505
505
505
505
505
505
505
137
137
137
137
137
361
361
361
361
361
361
361
-1
-1
-1
-1
-1
-1
-1
-1
496
496
496
496
496
496
496
484
484
484
484
484
73
73
73
73
73
73
73
35
35
35
35
35
35
35
35
35
35
-1
-1
-1
-1
-1
-1
524
524
524
524
524
524
524
341
341
341
341
341
341
341
341
298
298
298
298
298
326
326
326
326
326
326
326
326
326
326
239
239
239
239
239
239
239
239
239
208
208
208
208
208
208
208
208
208
208
518
518
518
518
518
518
319
319
319
319
319
319
319
319
319
375
375
375
375
375
375
375
375
375
375
375
375
375
414
414
414
414
414
414
414
414
414
414
414
414
414
414
414
39
39
39
39
39
50
50
50
50
50
50
50
50
106
106
106
106
106
106
106
-1
-1
-1
-1
-1
-1
-1
-1
-1
26
26
26
26
26
-1
-1
-1
-1
457
457
457
457
457
457
457
-1
-1
-1
-1
18
18
18
18
18
18
-1
-1
-1
-1
-1
-1
-1
-1
-1
15
15
15
15
15
15
15
20
20
20
20
20
20
-1
-1
-1
-1
-1
-1
-1
-1
-1
-1
-1
-1
310
310
310
310
310
310
310
310
486
486
486
486
486
486
49
49
49
49
49
34
34
34
34
34
34
34
-1
-1
-1
-1
-1
72
72
72
72
72
72
72
72
72
72
97
97
97
97
97
97
97
97
488
488
488
488
488
488
488
488
69
69
69
69
69
69
69
69
69
441
441
441
441
441
441
441
441
441
395
395
395
395
395
395
395
371
371
371
371
371
371
371
-1
-1
-1
-1
349
349
349
349
349
349
-1
-1
-1
-1
-1
-1
-1
-1
436
436
436
436
436
-1
-1
88
88
88
88
88
88
88
88
88
88
88
88
88
88
86
86
86
86
86
86
86
86
86
86
86
86
-1
-1
-1
-1
-1
-1
-1
-1
-1
-1
-1
-1
-1
-1
-1
-1
-1
-1
-1
-1
-1
-1
-1
-1
-1
-1
-1
-1
-1
-1
-1
-1
19
19
19
19
19
19
19
19
19
19
19
19
19
19
19
19
19
-1
-1
463
463
463
463
463
463
463
463
463
463
463
463
463
463
463
463
80
80
80
80
80
80
-1
-1
-1
130
130
130
130
130
130
-1
-1
-1
-1
-1
-1
-1
-1
-1
415
415
415
415
415
415
415
415
415
415
415
415
-1
-1
-1
-1
360
360
360
360
360
522
522
522
522
522
-1
-1
-1
-1
108
108
108
108
108
108
121
121
121
121
121
121
410
410
410
410
410
410
410
364
364
364
364
364
364
364
-1
517
517
517
517
517
517
517
517
517
517
517
517
517
517
517
517
-1
-1
-1
-1
-1
-1
-1
-1
-1
-1
-1
-1
-1
-1
421
421
421
421
421
421
421
421
421
