753
753
753
753
-1
666
666
666
666
666
666
666
666
666
666
666
666
666
666
666
666
666
666
671
671
671
671
671
671
671
671
671
671
671
671
671
671
671
671
671
734
734
734
734
734
734
734
734
734
734
734
734
256
256
256
256
256
256
256
256
256
717
717
717
717
717
717
717
717
717
717
717
717
717
717
717
839
839
839
839
839
839
839
839
796
796
796
796
796
796
796
796
796
818
818
818
818
818
818
818
818
818
818
818
818
818
821
821
821
821
821
821
821
821
821
743
743
743
743
743
743
743
743
743
743
743
743
743
743
743
743
777
777
777
777
777
777
777
777
777
777
777
777
777
777
777
777
777
777
777
777
777
777
777
777
777
777
777
777
777
777
777
777
531
531
531
531
531
531
531
531
531
531
531
531
531
531
531
531
531
531
531
531
531
531
531
71
71
71
71
71
-1
-1
-1
-1
-1
-1
-1
-1
-1
-1
-1
-1
-1
595
595
595
595
595
595
595
595
595
595
864
864
864
864
864
864
864
864
868
868
868
868
868
868
868
868
868
778
778
778
778
778
778
637
637
637
637
637
637
637
637
637
637
637
637
637
637
637
637
637
637
637
637
637
637
637
637
637
819
819
819
819
819
819
819
819
563
563
563
563
563
563
563
563
563
563
208
208
208
208
208
208
208
208
208
208
791
791
791
791
791
791
791
791
791
791
791
791
791
791
791
479
479
479
479
479
479
479
479
479
831
831
831
831
831
831
831
831
831
831
628
628
628
628
628
628
628
628
628
39
39
39
39
39
326
326
326
326
326
326
326
326
326
326
326
326
326
326
326
-1
-1
-1
-1
-1
-1
-1
-1
-1
-1
-1
-1
26
26
26
26
26
26
-1
-1
-1
183
183
183
183
183
183
834
834
834
834
834
834
834
834
834
834
834
834
834
669
669
669
669
669
-1
-1
-1
-1
-1
-1
-1
-1
15
15
15
15
15
856
856
856
856
-1
-1
856
856
856
856
-1
-1
-1
-1
751
751
751
751
751
751
751
751
751
751
751
838
838
838
838
838
838
838
838
838
838
838
838
838
838
-1
34
34
34
34
34
34
34
-1
-1
-1
-1
-1
729
729
729
729
729
729
729
729
729
729
729
729
729
729
776
776
776
776
776
776
776
776
776
776
833
833
833
833
833
833
833
833
833
833
833
833
833
833
833
833
833
833
833
833
833
833
833
833
833
833
833
744
744
744
744
744
744
441
441
441
441
441
441
622
622
622
622
622
622
622
622
622
798
798
798
798
798
775
775
775
775
775
775
828
828
828
828
828
828
817
817
817
817
817
817
817
817
817
817
-1
-1
-1
-1
-1
-1
-1
-1
-1
-1
-1
840
840
840
840
840
840
840
840
840
840
-1
-1
-1
-1
-1
-1
-1
-1
-1
-1
-1
-1
-1
-1
-1
-1
-1
-1
-1
-1
-1
19
19
19
19
19
19
19
19
19
19
19
19
788
788
788
788
788
788
788
788
788
788
788
788
788
788
788
93
93
93
93
93
93
93
93
93
93
93
93
93
93
-1
-1
-1
849
849
849
849
849
766
766
766
766
766
766
766
766
766
766
766
766
766
766
766
766
161
161
-1
-1
161
161
161
161
-1
-1
-1
516
516
516
516
516
516
-1
-1
-1
-1
-1
-1
-1
835
835
835
835
835
835
835
835
809
809
809
809
809
809
809
789
789
789
789
789
789
789
-1
-1
-1
-1
-1
-1
-1
-1
-1
728
728
728
728
728
-1
-1
-1
-1
-1
-1
-1
-1
-1
-1
765
765
765
765
765
846
846
846
846
846
846
846
674
674
674
674
674
674
674
-1
-1
674
674
674
-1
-1
-1
-1
-1
-1
-1
-1
-1
-1
-1
-1
-1
-1
-1
-1
-1
-1
-1
-1
-1
-1
-1
-1
-1
-1
-1
-1
-1
-1
-1
-1
-1
-1
-1
-1
-1
-1
-1
-1
-1
-1
-1
-1
-1
-1
-1
-1
753
-1
-1
-1
-1
753
753
753
753
753
753
753
