724
724
724
-1
-1
666
666
666
666
666
666
666
666
666
666
666
666
666
666
666
666
666
666
666
735
735
735
735
735
735
735
735
735
735
735
735
671
671
671
671
671
671
671
671
734
734
734
734
734
734
734
734
734
734
734
734
256
256
256
256
256
256
256
717
717
717
717
717
717
717
717
717
717
839
839
839
839
839
839
839
839
839
839
839
839
839
839
818
818
818
818
818
818
818
818
818
818
818
818
821
821
821
821
821
821
821
821
821
821
821
821
821
821
821
821
743
743
743
743
743
743
743
743
743
743
743
743
743
743
743
743
743
743
743
743
743
743
777
777
777
777
777
777
777
777
777
777
777
777
777
777
777
777
777
777
777
777
531
531
531
531
531
531
531
531
531
531
531
531
531
531
531
531
531
778
778
778
778
778
778
778
778
778
-1
-1
-1
-1
-1
-1
-1
-1
-1
-1
-1
-1
-1
-1
-1
-1
-1
-1
73
73
73
73
73
73
73
73
73
35
35
35
35
35
35
35
35
35
35
-1
-1
774
774
774
774
774
774
774
774
774
774
774
567
567
567
567
567
567
358
358
358
358
358
358
358
341
341
341
341
341
341
341
341
341
341
563
563
563
563
563
563
563
563
208
208
208
208
208
208
208
208
208
208
208
791
791
791
791
791
791
791
791
791
791
791
791
791
791
791
479
479
479
479
479
479
479
479
479
831
831
831
831
831
831
831
831
831
831
831
628
628
628
628
628
628
628
628
39
39
39
39
39
39
50
50
50
50
50
50
50
50
50
50
50
50
50
50
50
-1
-1
-1
-1
-1
-1
-1
-1
-1
-1
26
26
26
26
26
26
-1
-1
-1
-1
183
183
183
183
183
183
183
-1
-1
-1
-1
-1
-1
-1
834
834
834
834
834
834
834
834
834
834
834
834
834
834
834
834
-1
-1
15
15
15
15
15
15
15
-1
-1
-1
88
88
88
88
88
88
-1
-1
669
669
669
669
669
669
669
669
669
669
669
669
669
669
669
669
669
669
669
751
751
751
751
751
751
751
751
751
751
751
751
751
751
751
751
751
-1
-1
-1
729
729
729
729
729
729
729
729
729
729
729
729
72
72
72
72
72
72
72
72
573
573
573
573
573
573
573
573
573
768
768
768
768
768
768
768
768
768
768
653
653
653
653
653
653
744
744
744
744
744
744
744
744
441
441
441
441
441
441
371
371
371
371
371
764
764
764
764
764
764
764
764
798
798
798
798
798
775
775
775
775
775
828
828
828
828
828
828
828
-1
-1
-1
-1
-1
-1
-1
-1
-1
-1
-1
-1
-1
-1
-1
-1
-1
-1
-1
-1
-1
-1
-1
-1
-1
-1
-1
-1
-1
-1
-1
-1
-1
-1
840
840
840
840
840
840
840
840
840
840
840
-1
-1
-1
-1
-1
-1
-1
-1
-1
-1
-1
19
19
19
19
19
19
19
19
19
19
19
817
817
817
817
817
817
817
817
805
805
805
805
805
805
805
805
805
805
805
805
805
805
805
805
805
805
805
736
736
736
736
736
736
736
736
736
736
736
736
736
736
736
736
736
736
736
736
736
736
736
736
736
766
766
766
766
766
766
766
766
766
766
766
766
766
-1
-1
-1
776
776
776
776
776
776
776
776
776
776
776
776
776
776
776
776
776
776
776
776
776
776
776
-1
-1
776
776
776
776
776
776
809
809
809
809
809
809
809
803
803
803
803
803
803
803
803
803
803
-1
-1
-1
-1
728
728
728
728
728
-1
-1
-1
-1
785
785
785
785
785
-1
-1
765
765
765
765
765
765
765
765
765
765
765
674
674
674
674
674
674
674
674
-1
-1
-1
-1
-1
-1
-1
-1
-1
-1
-1
-1
-1
-1
-1
-1
-1
-1
-1
-1
-1
-1
-1
-1
-1
-1
-1
-1
-1
-1
-1
-1
-1
-1
-1
-1
-1
-1
-1
-1
-1
-1
-1
-1
-1
-1
-1
-1
-1
-1
-1
-1
-1
-1
-1
-1
-1
-1
724
724
724
724
724
724
724
