753
753
753
753
-1
666
666
666
666
666
666
666
666
666
666
666
666
666
666
666
666
666
666
666
735
735
735
735
735
735
735
735
735
735
735
735
735
735
735
843
843
843
843
843
843
843
843
843
843
843
843
734
734
734
734
734
734
734
734
734
734
734
734
734
839
839
839
839
839
839
839
839
839
839
839
839
839
839
839
839
839
839
796
796
796
796
796
796
796
796
796
796
796
796
821
821
821
821
821
821
821
821
821
821
821
821
821
821
821
821
821
821
821
821
821
777
777
777
777
777
777
777
777
777
777
777
777
777
777
777
777
889
889
889
889
889
889
889
889
889
889
889
889
889
889
889
889
889
889
889
889
889
889
889
889
889
889
889
889
889
889
531
531
531
531
531
531
531
531
531
531
531
531
531
531
531
531
531
531
531
531
531
531
531
531
531
531
531
-1
-1
-1
-1
-1
-1
-1
-1
-1
-1
-1
-1
-1
-1
-1
-1
864
864
864
864
864
864
879
879
879
879
879
879
879
879
879
879
879
879
868
868
868
868
868
868
868
868
868
868
868
868
868
868
868
-1
-1
-1
-1
887
887
887
887
887
887
794
794
794
794
794
-1
-1
-1
-1
73
73
73
73
73
73
73
73
73
35
35
35
35
35
35
35
35
35
35
-1
-1
899
899
899
899
899
899
899
774
774
774
774
774
774
774
774
774
893
893
893
893
893
893
893
893
893
893
893
893
915
915
915
915
915
915
915
915
915
915
910
910
910
910
910
910
910
910
910
910
910
910
910
910
910
791
791
791
791
791
791
791
791
791
791
791
791
791
791
791
914
914
914
914
914
914
914
914
914
914
914
914
928
928
928
928
928
928
928
928
928
928
928
928
928
928
928
928
930
930
930
930
930
930
326
326
326
326
326
326
326
326
326
326
326
326
326
326
326
-1
-1
-1
-1
-1
-1
-1
-1
-1
-1
944
944
944
944
944
944
944
-1
-1
-1
-1
944
-1
778
778
778
778
778
778
778
778
778
778
778
637
637
637
637
637
637
637
637
637
637
637
637
637
-1
-1
-1
15
15
15
15
15
15
15
-1
-1
933
933
933
933
933
933
933
933
933
916
916
916
916
916
916
916
852
852
-1
-1
852
852
852
852
852
852
852
852
852
852
875
875
875
875
875
875
486
486
486
486
486
486
486
486
486
-1
-1
-1
927
927
927
927
927
927
927
927
927
927
927
927
927
927
927
927
927
927
927
927
573
573
573
573
573
573
573
573
573
573
573
573
573
573
573
573
653
653
653
653
653
653
653
653
653
764
764
764
764
764
764
764
764
764
764
764
764
943
943
943
943
943
943
903
903
903
903
903
903
903
903
903
622
622
622
622
622
827
827
827
827
827
827
939
939
939
939
939
939
939
725
725
725
725
725
731
731
731
731
731
-1
-1
-1
-1
-1
-1
-1
-1
668
668
668
668
668
-1
-1
-1
-1
-1
-1
-1
-1
-1
-1
-1
-1
-1
-1
-1
-1
-1
-1
-1
-1
-1
-1
-1
-1
-1
-1
-1
-1
-1
19
19
19
19
19
19
19
19
19
19
19
19
19
19
19
19
805
805
805
805
805
805
805
805
805
805
805
805
805
805
805
805
93
93
93
93
93
93
93
93
93
-1
-1
-1
849
849
849
849
849
849
-1
-1
-1
849
-1
822
822
-1
-1
-1
-1
-1
161
161
822
822
822
161
161
161
161
161
161
161
161
-1
-1
-1
-1
863
863
863
863
863
863
-1
-1
-1
-1
810
810
810
810
810
810
810
835
835
835
835
835
789
789
789
789
789
789
789
789
789
789
803
803
803
803
803
803
803
-1
-1
-1
-1
-1
745
745
745
745
745
745
745
-1
785
785
785
785
785
-1
785
765
765
765
765
765
765
765
765
765
765
765
727
727
727
727
727
727
727
727
811
811
727
727
727
811
811
811
811
-1
-1
-1
-1
-1
-1
-1
-1
-1
-1
-1
-1
-1
-1
-1
-1
-1
-1
-1
-1
-1
-1
-1
-1
-1
-1
-1
-1
-1
844
844
844
844
844
-1
-1
-1
-1
-1
-1
-1
-1
753
-1
-1
-1
-1
753
753
753
753
753
753
753
