256
256
256
256
256
256
256
256
256
256
256
454
454
454
454
454
454
454
454
454
454
454
454
454
216
216
216
216
216
216
216
216
216
440
440
440
440
440
440
440
440
440
365
365
365
365
365
365
365
455
455
455
455
455
455
455
455
455
455
455
455
455
455
455
455
412
412
412
412
412
412
412
412
412
412
412
412
6
6
6
6
6
6
6
6
6
6
6
6
6
6
6
6
6
6
6
6
6
6
268
268
268
268
268
268
268
268
268
268
268
268
268
268
268
268
268
268
268
268
268
268
367
367
367
367
367
367
367
367
367
367
367
367
367
367
367
367
367
367
367
367
367
367
367
367
367
367
367
-1
-1
-1
-1
-1
-1
-1
-1
-1
-1
-1
-1
-1
-1
-1
-1
-1
-1
243
243
243
243
243
243
243
67
67
67
67
67
67
67
67
361
361
361
361
361
361
361
361
361
361
361
137
137
137
137
137
137
137
-1
-1
-1
-1
-1
-1
-1
-1
-1
377
377
377
377
377
377
-1
-1
-1
-1
73
73
73
73
73
73
73
35
35
35
35
35
35
35
35
35
35
-1
-1
358
358
358
358
358
358
358
358
358
131
131
131
131
131
239
239
239
239
239
239
239
239
341
341
341
341
341
341
341
341
341
341
341
341
326
326
326
326
326
326
326
326
208
208
208
208
208
208
208
208
208
208
208
319
319
319
319
319
319
319
319
319
319
319
319
319
319
319
7
7
7
7
7
7
7
7
375
375
375
375
375
375
375
375
375
375
375
414
414
414
414
414
414
414
414
414
414
39
39
39
39
39
50
50
50
50
50
50
50
50
106
106
106
106
106
106
106
-1
-1
-1
-1
-1
-1
-1
-1
-1
26
26
26
26
26
-1
-1
-1
-1
183
183
183
183
183
183
-1
-1
-1
-1
18
18
18
18
18
18
-1
-1
-1
-1
-1
-1
-1
-1
-1
15
15
15
15
15
15
15
20
20
20
20
20
20
-1
-1
-1
-1
-1
-1
-1
-1
-1
-1
-1
-1
458
458
458
458
458
458
458
140
140
140
140
140
140
49
49
49
49
49
49
34
34
34
34
34
34
34
-1
-1
-1
-1
-1
-1
72
72
72
72
72
72
72
72
72
72
97
97
97
97
97
97
97
97
352
352
352
352
352
352
352
352
352
69
69
69
69
69
69
69
69
441
441
441
441
441
441
441
441
441
395
395
395
395
395
395
395
395
371
371
371
371
371
371
371
371
452
452
452
452
452
452
452
452
-1
-1
-1
-1
-1
-1
-1
-1
436
436
436
436
436
-1
-1
88
88
88
88
88
88
88
88
88
88
88
88
88
88
-1
86
86
86
86
86
86
86
86
86
86
86
86
-1
-1
-1
-1
-1
-1
-1
-1
-1
-1
-1
-1
-1
-1
-1
-1
-1
-1
-1
-1
-1
-1
-1
-1
-1
-1
-1
-1
-1
-1
-1
19
19
19
19
19
19
19
19
19
19
19
19
19
19
19
19
93
93
93
93
93
93
93
93
93
80
80
80
80
80
80
80
80
80
80
80
80
80
80
80
80
-1
-1
-1
130
130
130
130
130
130
-1
-1
-1
-1
-1
-1
-1
-1
-1
340
340
340
340
340
340
340
340
340
340
340
340
161
161
161
161
161
161
-1
-1
-1
-1
438
438
438
438
438
438
-1
-1
-1
-1
108
108
108
108
108
108
121
121
121
121
121
410
410
410
410
410
410
364
364
364
364
364
364
364
364
-1
-1
164
164
164
164
164
164
164
164
164
164
164
164
164
164
164
164
164
-1
-1
-1
-1
-1
-1
-1
-1
-1
-1
-1
-1
-1
-1
-1
-1
-1
-1
-1
-1
-1
-1
