-1
-1
-1
-1
-1
666
666
666
666
666
666
666
666
666
666
666
735
735
735
735
735
735
735
735
735
735
735
735
735
671
671
671
671
671
671
671
671
671
671
671
671
671
671
671
734
734
734
734
734
734
734
734
734
256
256
256
256
256
256
256
256
256
256
256
717
717
717
717
717
717
717
717
717
717
717
717
717
717
717
717
717
663
663
663
663
663
663
663
663
663
663
663
663
663
663
663
663
663
663
663
663
663
663
663
663
663
663
663
663
663
663
663
663
663
663
663
743
743
743
743
743
743
743
743
743
743
743
743
743
743
743
743
743
743
743
743
743
743
743
743
743
637
637
637
637
637
637
637
637
637
637
637
637
637
637
637
637
637
637
637
637
637
637
637
637
637
637
637
637
637
637
637
637
268
268
268
268
268
268
268
268
268
268
268
268
268
268
268
268
-1
-1
-1
-1
-1
-1
-1
-1
-1
-1
-1
-1
-1
-1
-1
505
505
505
505
505
505
505
505
505
505
737
737
737
737
737
737
737
595
595
595
595
595
595
595
595
595
595
361
361
361
361
361
361
-1
-1
-1
772
772
772
772
772
-1
-1
-1
-1
-1
-1
-1
-1
73
73
73
73
73
73
73
73
73
73
35
35
35
35
35
35
35
35
35
35
-1
-1
524
524
524
524
524
524
567
567
567
567
567
567
567
358
358
358
358
358
358
358
358
358
358
358
358
341
341
341
341
341
341
563
563
563
563
563
563
563
563
563
563
563
563
208
208
208
208
208
208
208
208
208
208
596
596
596
596
596
596
596
596
596
596
596
596
596
596
596
741
741
741
741
741
741
741
628
628
628
628
628
628
628
628
628
628
628
628
479
479
479
479
479
479
479
479
479
39
39
39
39
39
39
326
326
326
326
326
326
326
326
326
326
326
326
326
326
326
-1
-1
-1
-1
-1
-1
-1
-1
26
-1
-1
-1
26
26
26
26
26
26
-1
-1
-1
-1
183
183
183
183
183
183
183
-1
457
457
457
-1
457
457
457
457
457
-1
-1
-1
-1
-1
-1
-1
-1
-1
-1
-1
-1
-1
15
15
15
15
15
15
15
-1
-1
751
751
751
751
751
751
751
751
751
751
-1
-1
-1
-1
-1
-1
486
486
486
486
486
486
486
486
486
770
770
770
770
770
770
770
770
770
770
770
770
-1
-1
-1
-1
-1
-1
-1
-1
-1
72
72
72
72
72
72
72
72
72
72
72
72
729
729
729
729
729
729
729
729
573
573
573
573
573
573
441
441
441
441
441
441
441
441
441
441
-1
-1
-1
88
88
88
88
88
88
88
88
88
349
349
349
349
349
349
349
349
349
371
371
371
371
371
371
0
0
0
0
0
0
86
86
86
86
86
86
86
86
86
86
768
768
768
768
768
768
638
638
638
638
638
706
706
706
706
706
-1
-1
-1
-1
-1
-1
-1
-1
-1
-1
-1
-1
-1
-1
-1
-1
-1
-1
-1
-1
-1
-1
-1
-1
-1
-1
-1
-1
-1
-1
-1
-1
-1
-1
-1
-1
-1
-1
-1
-1
-1
-1
-1
-1
-1
-1
-1
-1
19
19
19
19
19
19
19
19
19
19
19
19
19
19
19
19
19
767
767
767
767
767
767
767
767
767
767
767
767
80
80
80
80
80
80
80
80
80
80
80
80
-1
-1
-1
130
130
130
130
130
130
-1
-1
749
749
749
749
749
749
749
749
749
749
749
749
749
749
749
749
749
749
749
749
749
749
749
749
749
749
-1
360
360
360
360
360
-1
-1
-1
-1
-1
-1
-1
-1
658
658
658
658
658
658
658
658
658
658
658
658
658
658
658
658
658
658
658
658
658
658
658
658
658
658
669
669
669
669
669
669
669
669
669
669
669
669
669
669
669
669
669
669
669
669
669
669
669
669
669
669
-1
-1
-1
-1
-1
757
757
757
757
757
765
765
765
765
765
765
765
765
733
733
733
733
733
733
733
733
733
733
736
736
736
736
736
736
736
736
-1
-1
-1
-1
-1
-1
697
697
697
697
697
697
697
697
697
697
697
697
697
697
697
697
697
697
697
697
697
697
697
-1
-1
-1
-1
-1
-1
-1
-1
-1
-1
-1
-1
753
-1
-1
-1
-1
753
753
753
753
753
753
753
