256
256
256
256
256
256
256
256
256
256
256
256
51
51
51
51
51
51
51
51
51
51
51
51
135
135
135
135
135
135
135
135
135
135
135
135
135
135
135
57
57
57
57
57
57
57
57
57
57
57
57
57
57
57
40
40
40
40
40
40
40
40
40
40
40
40
216
216
216
216
216
216
216
216
216
216
89
89
89
89
89
89
89
89
89
89
89
89
89
89
89
6
6
6
6
6
6
6
6
6
6
6
6
6
6
6
6
6
6
6
6
6
6
6
6
6
198
198
198
198
198
198
198
198
198
198
198
198
198
268
268
268
268
268
268
268
268
268
268
268
268
268
268
268
268
268
268
322
322
322
322
322
-1
-1
-1
-1
-1
-1
-1
-1
-1
-1
-1
-1
55
55
55
55
55
55
55
55
55
55
67
67
67
67
67
67
67
313
313
313
313
313
313
313
313
137
137
137
137
137
137
137
137
137
-1
-1
-1
-1
-1
-1
-1
-1
-1
-1
272
272
272
272
272
272
-1
-1
-1
-1
73
73
73
73
73
73
73
35
35
35
35
35
35
35
35
35
35
-1
-1
298
298
298
298
298
298
298
298
298
239
239
239
239
239
239
239
239
341
341
341
341
341
341
341
341
341
341
341
341
8
8
8
8
8
8
8
8
8
8
208
208
208
208
208
208
208
208
208
208
208
208
208
208
319
319
319
319
319
319
319
319
344
344
344
344
344
344
344
344
344
344
344
344
344
344
17
17
17
17
17
17
17
17
17
17
17
129
129
129
129
129
129
129
129
129
129
39
39
39
39
39
50
50
50
50
50
50
50
50
106
106
106
106
106
106
106
-1
-1
-1
-1
-1
-1
-1
-1
-1
-1
-1
-1
26
26
26
26
26
-1
-1
-1
-1
183
183
183
183
183
183
183
-1
-1
-1
18
18
18
18
18
18
-1
-1
-1
-1
-1
-1
-1
-1
-1
-1
-1
-1
15
15
15
15
15
15
15
20
20
20
20
20
20
-1
-1
-1
-1
-1
-1
-1
-1
-1
-1
-1
-1
310
310
310
310
310
140
140
140
140
140
140
140
140
140
49
49
49
49
49
34
34
34
34
34
34
-1
-1
-1
-1
-1
-1
72
72
72
72
72
72
72
72
72
72
72
97
97
97
97
97
97
97
97
97
253
253
253
253
253
253
253
69
69
69
69
69
69
69
69
21
21
21
21
21
21
21
21
21
21
107
107
107
107
107
107
107
107
107
107
107
107
92
92
92
92
92
92
92
92
283
283
283
283
283
0
0
0
0
0
0
0
245
245
245
245
245
245
88
88
88
88
88
88
88
88
88
88
88
88
88
88
-1
-1
86
86
86
86
86
86
86
86
86
86
86
-1
-1
-1
-1
-1
-1
-1
-1
-1
-1
-1
-1
-1
-1
-1
-1
-1
-1
-1
-1
-1
-1
-1
-1
-1
-1
-1
-1
-1
-1
-1
-1
19
19
19
19
19
19
19
19
19
19
19
19
19
19
19
19
19
-1
-1
-1
80
80
80
80
80
80
80
80
80
80
93
93
93
93
93
93
93
93
93
93
93
-1
-1
-1
130
130
130
130
130
130
-1
-1
-1
-1
-1
-1
-1
-1
-1
251
251
251
251
251
251
251
251
251
251
251
251
-1
-1
-1
-1
-1
-1
-1
-1
301
301
301
301
301
-1
-1
-1
-1
108
108
108
108
108
108
121
121
121
121
121
218
218
218
218
218
218
98
98
98
98
98
98
98
-1
-1
-1
101
101
101
101
101
101
101
101
101
101
101
101
101
101
101
101
-1
-1
-1
-1
-1
-1
-1
-1
-1
-1
-1
-1
-1
-1
-1
-1
42
42
42
42
42
-1
