256
256
256
256
256
256
256
256
256
256
256
256
256
256
256
256
51
51
51
51
51
51
51
51
51
57
57
57
57
57
57
57
57
57
57
57
57
57
57
347
347
347
347
347
347
347
347
347
365
365
365
365
365
365
365
365
365
365
365
365
216
216
216
216
216
216
216
216
216
216
216
216
216
216
216
216
216
6
6
6
6
6
6
6
6
6
6
6
6
6
6
6
89
89
89
89
89
89
89
89
89
89
89
89
89
89
89
89
89
89
89
89
89
89
89
89
367
367
367
367
367
367
367
367
367
367
367
367
367
367
367
367
367
268
268
268
268
268
268
268
268
268
268
268
268
268
268
268
268
268
-1
-1
-1
-1
-1
-1
-1
-1
-1
-1
-1
-1
-1
-1
-1
243
243
243
243
243
353
353
353
353
353
353
353
353
353
67
67
67
67
67
67
67
361
361
361
361
361
361
137
137
137
137
137
137
137
-1
-1
-1
-1
-1
-1
-1
-1
272
272
272
272
272
324
324
324
324
324
73
73
73
73
73
73
73
35
35
35
35
35
35
35
35
35
35
-1
-1
-1
-1
-1
-1
358
358
358
358
358
358
358
358
358
298
298
298
298
298
298
239
239
239
239
239
239
239
239
239
326
326
326
326
326
326
326
326
208
208
208
208
208
208
208
208
208
208
208
208
208
208
208
208
208
319
319
319
319
319
319
319
319
319
319
319
319
319
319
319
7
7
7
7
7
7
7
7
7
7
375
375
375
375
375
375
375
375
129
129
129
129
129
129
129
129
129
129
129
-1
-1
-1
-1
50
50
50
50
50
50
50
50
106
106
106
106
106
106
106
-1
-1
-1
-1
-1
-1
-1
-1
-1
-1
-1
26
26
26
26
26
-1
-1
-1
-1
-1
-1
-1
-1
372
372
372
372
-1
372
18
18
18
18
18
18
-1
-1
-1
-1
-1
-1
-1
-1
-1
-1
15
15
15
15
15
15
15
20
20
20
20
20
20
-1
-1
-1
-1
-1
-1
-1
-1
-1
-1
-1
-1
310
310
310
310
310
310
310
310
310
-1
-1
-1
-1
49
49
49
49
49
49
34
34
34
34
34
34
34
-1
-1
-1
-1
-1
-1
72
72
72
72
72
72
72
72
72
72
97
97
97
97
97
97
97
97
386
386
386
386
386
386
386
386
386
352
352
352
352
352
352
352
69
69
69
69
69
69
69
69
69
69
107
107
107
107
107
107
107
107
107
107
107
283
283
283
283
283
283
92
92
92
92
92
92
92
-1
-1
-1
-1
-1
-1
-1
-1
-1
-1
-1
-1
-1
-1
88
88
88
88
88
88
88
88
88
88
88
88
88
88
-1
-1
86
86
86
86
86
86
86
86
86
86
86
-1
-1
-1
-1
-1
-1
-1
-1
-1
-1
-1
-1
-1
-1
-1
-1
-1
-1
-1
-1
-1
-1
-1
-1
-1
-1
-1
-1
-1
-1
-1
19
19
19
19
19
19
19
19
19
19
19
19
19
19
19
19
-1
-1
-1
93
93
93
93
93
93
93
93
93
93
93
93
93
93
80
80
80
80
80
80
80
80
-1
-1
-1
130
130
130
130
130
130
-1
-1
-1
-1
-1
-1
-1
-1
-1
340
340
340
340
340
340
340
340
340
340
340
340
-1
-1
-1
-1
-1
-1
-1
-1
301
301
301
301
301
-1
-1
-1
-1
108
108
108
108
108
108
121
121
121
121
121
218
218
218
218
218
218
218
218
364
364
364
364
364
364
-1
-1
164
164
164
164
164
164
164
164
164
164
164
164
164
164
164
164
-1
-1
-1
-1
-1
-1
-1
-1
-1
-1
-1
-1
-1
-1
-1
42
42
42
42
42
164
