753
753
753
753
-1
666
666
666
666
666
666
666
666
666
666
666
666
666
666
666
666
666
666
666
666
666
666
666
666
735
735
735
735
735
735
735
735
735
735
735
735
735
735
735
734
734
734
734
734
734
734
734
734
734
734
734
734
734
734
734
734
734
734
839
839
839
839
839
839
839
839
839
839
839
839
919
919
919
919
919
919
919
919
919
919
919
919
796
796
796
796
796
796
796
796
821
821
821
821
821
821
821
821
821
821
821
821
821
821
821
821
821
821
821
821
777
777
777
777
777
777
777
777
777
777
777
777
777
777
777
777
777
777
777
777
889
889
889
889
889
889
889
889
889
889
889
889
889
889
889
889
889
889
889
889
531
531
531
531
531
531
531
531
531
531
531
531
531
531
531
531
531
531
531
531
531
531
531
531
531
531
531
531
531
531
531
937
937
937
937
937
268
268
268
268
268
-1
-1
-1
-1
-1
-1
-1
-1
864
864
864
864
864
864
864
864
864
864
864
864
595
595
595
595
595
595
595
868
868
868
868
868
868
868
868
868
868
868
868
868
868
-1
-1
-1
-1
-1
-1
-1
-1
794
794
794
794
794
794
484
484
484
484
484
484
73
73
73
73
73
73
73
35
35
35
35
35
35
35
35
35
35
-1
-1
899
899
899
899
899
899
899
899
899
899
899
899
774
774
774
774
774
774
774
774
774
774
774
774
774
774
774
774
915
915
915
915
915
915
915
915
915
915
915
915
915
915
915
910
910
910
910
910
910
910
910
910
910
791
791
791
791
791
791
791
791
791
791
791
791
791
791
791
914
914
914
914
914
914
914
914
914
914
914
914
914
914
914
928
928
928
928
928
928
928
928
928
928
928
928
928
928
930
930
930
930
930
326
326
326
326
326
326
326
326
326
326
326
326
326
326
326
-1
-1
-1
-1
-1
-1
-1
-1
-1
-1
-1
778
778
778
778
778
778
778
778
778
778
778
778
778
778
778
778
778
-1
-1
-1
-1
-1
-1
637
637
637
637
637
637
637
637
637
637
637
637
637
637
637
637
637
15
15
15
15
15
15
-1
-1
-1
933
933
933
933
933
933
933
933
933
933
933
933
900
900
900
900
900
900
898
898
898
898
898
898
898
-1
-1
-1
-1
-1
-1
-1
898
898
898
898
898
898
898
486
486
486
486
486
-1
-1
-1
-1
927
927
927
927
927
927
927
927
927
927
927
927
927
927
927
927
927
927
573
573
573
573
573
573
573
573
573
573
573
573
573
573
573
573
653
653
653
653
653
653
653
653
653
653
764
764
764
764
764
764
764
764
764
764
764
764
764
764
371
371
371
371
371
371
371
371
371
371
622
622
622
622
622
622
622
622
827
827
827
827
827
827
932
932
932
932
932
932
932
932
-1
-1
-1
-1
-1
-1
-1
-1
-1
-1
-1
-1
-1
-1
-1
-1
-1
-1
-1
-1
-1
-1
-1
-1
-1
-1
-1
-1
-1
-1
-1
-1
-1
-1
-1
-1
-1
-1
-1
-1
-1
-1
-1
-1
-1
-1
-1
-1
-1
-1
19
19
19
19
19
19
19
19
19
19
19
19
19
19
19
19
805
805
805
805
805
805
805
805
805
805
805
805
93
93
93
93
93
93
93
93
93
93
93
93
93
-1
-1
-1
849
849
849
849
849
849
-1
-1
-1
849
-1
822
822
-1
-1
-1
-1
-1
-1
161
161
161
822
822
822
161
161
161
161
161
-1
-1
-1
-1
863
863
863
863
863
-1
-1
-1
-1
810
810
810
810
810
810
835
835
835
835
835
789
789
789
789
789
789
803
803
803
803
803
803
803
803
803
803
803
-1
-1
-1
-1
-1
-1
-1
-1
-1
-1
-1
-1
-1
785
785
785
785
785
-1
785
765
765
765
765
765
765
765
765
765
765
765
727
727
727
727
727
727
727
727
727
727
727
727
727
727
-1
-1
-1
-1
-1
-1
-1
-1
-1
-1
-1
-1
-1
-1
-1
-1
-1
-1
-1
-1
-1
-1
-1
-1
-1
-1
-1
-1
-1
-1
-1
-1
-1
-1
-1
-1
-1
-1
-1
-1
-1
-1
-1
-1
-1
-1
753
753
-1
-1
-1
753
753
753
753
753
753
753
753
