753
753
753
753
-1
666
666
666
666
666
666
666
666
666
666
735
735
735
735
735
735
735
735
735
735
735
735
735
671
671
671
671
671
671
671
671
671
734
734
734
734
734
734
734
734
734
734
734
734
734
256
256
256
256
256
256
256
256
256
256
256
256
256
256
717
717
717
717
717
717
717
717
717
717
717
717
839
839
839
839
839
839
839
839
839
796
796
796
796
796
796
796
796
796
796
796
796
796
796
821
821
821
821
821
821
821
821
821
821
821
821
821
821
821
821
743
743
743
743
743
743
743
743
743
743
743
743
743
743
743
743
743
743
743
743
743
743
743
743
743
743
743
777
777
777
777
777
777
777
777
777
777
777
777
777
777
777
777
777
777
777
777
777
777
777
777
777
777
777
531
531
531
531
531
531
531
531
531
531
531
531
531
531
531
531
531
71
71
71
71
71
-1
-1
-1
-1
-1
-1
-1
-1
-1
-1
-1
-1
-1
595
595
595
595
595
595
595
595
595
595
595
595
864
864
864
864
864
864
864
864
864
864
864
864
868
868
868
868
868
868
868
868
868
-1
-1
-1
-1
-1
-1
-1
-1
778
778
778
778
778
778
778
778
778
778
778
778
778
778
778
778
778
778
778
778
778
778
778
778
778
778
778
778
778
778
778
637
637
637
637
637
637
637
637
637
637
637
637
637
637
819
819
819
819
819
819
819
819
208
208
208
208
208
208
208
208
208
208
208
208
208
208
208
208
208
208
791
791
791
791
791
791
791
791
791
791
791
791
791
791
791
479
479
479
479
479
479
479
479
479
831
831
831
831
831
831
831
831
831
831
831
831
831
831
831
831
831
831
831
39
39
39
39
39
326
326
326
326
326
326
326
326
326
326
326
326
326
326
326
-1
-1
-1
-1
-1
-1
-1
-1
-1
-1
-1
26
26
26
26
26
26
-1
-1
-1
183
183
183
183
183
183
834
834
834
834
834
834
834
834
834
834
834
834
834
-1
-1
-1
858
858
858
858
858
858
-1
-1
-1
-1
-1
-1
856
856
856
856
-1
-1
-1
-1
856
856
856
856
-1
-1
-1
751
751
751
751
751
751
751
751
751
751
751
751
838
838
838
838
838
838
838
838
838
838
838
838
-1
-1
-1
34
34
34
34
34
776
776
776
776
776
776
776
776
776
776
776
776
776
776
776
776
776
776
72
72
72
72
72
72
72
72
833
833
833
833
833
833
833
833
833
833
833
833
833
833
833
833
833
833
833
833
833
833
833
833
833
833
833
833
744
744
744
744
744
744
744
744
744
744
744
744
441
441
441
441
441
441
622
622
622
622
622
622
622
798
798
798
798
798
775
775
775
775
775
775
775
817
817
817
817
817
817
817
817
817
817
731
731
731
731
731
-1
-1
-1
-1
-1
-1
-1
-1
-1
840
840
840
840
840
840
840
840
840
840
-1
-1
-1
-1
-1
-1
-1
-1
-1
-1
-1
-1
-1
-1
-1
-1
-1
-1
-1
-1
-1
-1
-1
-1
19
19
19
19
19
19
19
19
19
788
788
788
788
788
788
788
788
788
788
788
788
788
788
788
93
93
93
93
93
93
93
93
93
93
93
93
93
93
93
93
93
-1
766
766
766
766
766
766
766
766
766
766
766
766
766
766
766
766
766
-1
-1
-1
-1
-1
-1
-1
-1
-1
-1
-1
-1
161
161
161
161
161
161
848
848
848
848
848
-1
-1
-1
-1
-1
-1
-1
-1
810
810
810
810
810
810
835
835
835
835
835
835
809
809
809
809
809
809
809
789
789
789
789
789
789
789
789
789
789
-1
-1
-1
-1
-1
728
728
728
728
728
-1
-1
-1
785
785
785
785
785
-1
-1
846
846
846
846
846
846
846
846
846
846
846
846
674
674
674
674
674
674
674
811
811
674
674
811
811
811
-1
-1
-1
-1
-1
-1
-1
-1
-1
-1
-1
-1
-1
-1
-1
-1
-1
-1
-1
-1
-1
-1
-1
-1
-1
-1
-1
-1
-1
-1
-1
-1
-1
-1
-1
-1
-1
-1
-1
-1
-1
-1
-1
-1
-1
-1
753
-1
-1
-1
753
753
753
753
753
753
753
753
