753
753
753
-1
-1
666
666
666
666
666
666
666
666
666
666
666
666
666
666
666
666
735
735
735
735
735
735
735
735
735
735
734
734
734
734
734
734
734
734
734
734
734
734
734
734
734
734
734
734
734
843
843
843
843
843
843
843
843
843
843
843
843
843
843
839
839
839
839
839
839
839
839
839
839
919
919
919
919
919
919
919
919
919
919
919
919
919
796
796
796
796
796
796
796
796
796
796
821
821
821
821
821
821
821
821
821
821
821
821
821
821
821
821
821
821
777
777
777
777
777
777
777
777
777
777
777
777
777
777
777
777
777
777
777
777
777
777
777
777
777
777
777
777
777
777
777
889
889
889
889
889
889
889
889
889
889
889
889
889
889
889
889
889
889
889
889
889
889
531
531
531
531
531
531
531
531
531
531
531
531
531
531
531
531
531
531
531
531
531
-1
-1
-1
-1
-1
-1
-1
-1
-1
-1
-1
-1
-1
-1
-1
864
864
864
864
864
864
864
864
879
879
879
879
879
879
879
879
879
879
868
868
868
868
868
868
868
868
868
868
868
868
868
868
868
-1
-1
-1
-1
-1
-1
-1
-1
-1
794
794
794
794
794
73
73
73
73
73
73
73
73
73
73
73
35
35
35
35
35
35
35
35
35
35
-1
-1
899
899
899
899
899
899
899
899
774
774
774
774
774
774
774
774
774
774
774
774
774
893
893
893
893
893
893
893
893
893
915
915
915
915
915
915
915
915
915
915
915
915
915
910
910
910
910
910
910
910
910
910
910
791
791
791
791
791
791
791
791
791
791
914
914
914
914
914
914
914
914
914
914
914
914
914
914
914
914
914
914
914
928
928
928
928
928
928
928
928
928
928
928
928
928
928
928
930
930
930
930
930
326
326
326
326
326
326
326
326
326
326
326
326
326
326
326
-1
-1
-1
-1
-1
-1
-1
-1
-1
-1
-1
-1
-1
-1
-1
-1
-1
-1
-1
-1
778
778
778
778
778
778
778
778
778
-1
637
637
637
637
637
637
637
637
637
637
-1
-1
-1
-1
-1
-1
-1
-1
-1
-1
898
898
898
898
-1
-1
898
898
898
898
898
952
952
952
952
952
952
952
952
952
34
34
34
34
34
34
962
962
962
962
962
962
962
852
852
852
852
852
852
852
875
875
875
875
875
486
486
486
486
486
486
486
486
486
-1
-1
-1
-1
927
927
927
927
927
927
927
927
927
927
927
927
927
927
927
927
927
927
927
959
959
959
959
959
959
959
959
959
959
959
959
959
959
959
959
653
653
653
653
653
653
653
653
653
764
764
764
764
764
764
764
764
764
764
764
764
764
943
943
943
943
943
943
943
943
943
943
943
943
903
903
903
903
903
903
903
827
827
827
827
827
827
939
939
939
939
939
939
939
932
932
932
932
932
-1
-1
-1
-1
-1
-1
-1
-1
-1
-1
-1
-1
-1
668
668
668
668
668
-1
-1
-1
-1
-1
-1
-1
-1
-1
-1
-1
-1
-1
-1
-1
-1
-1
-1
-1
-1
-1
-1
-1
-1
-1
-1
-1
-1
19
19
19
19
19
19
19
19
19
19
19
19
19
19
19
19
19
19
19
19
93
93
93
93
93
93
93
93
93
93
93
93
93
93
93
93
93
93
93
93
93
-1
-1
-1
849
849
849
849
849
849
-1
-1
-1
-1
-1
-1
-1
-1
-1
-1
-1
-1
-1
161
161
161
-1
-1
161
161
161
161
161
161
-1
-1
-1
-1
863
863
863
863
863
863
-1
-1
-1
-1
810
810
810
810
810
810
835
835
835
835
835
835
789
789
789
789
789
789
803
803
803
803
803
803
803
803
803
803
-1
-1
745
745
-1
745
745
745
745
745
-1
-1
-1
-1
785
785
785
785
785
-1
-1
765
765
765
765
765
765
765
765
765
765
765
765
674
674
674
674
674
674
674
811
811
674
674
674
811
811
811
811
-1
-1
-1
-1
-1
-1
-1
-1
-1
-1
-1
-1
-1
-1
-1
-1
-1
-1
-1
-1
-1
-1
-1
-1
-1
-1
-1
-1
-1
844
844
844
844
844
815
815
815
815
815
-1
-1
-1
-1
-1
753
-1
-1
-1
753
753
753
753
753
753
753
753
