753
753
753
-1
-1
666
666
666
666
666
666
666
666
666
666
666
666
666
666
666
666
666
666
666
843
843
843
843
843
843
843
843
843
843
843
843
843
843
843
843
843
734
734
734
734
734
734
734
734
734
734
734
734
734
256
256
256
256
256
256
256
256
256
256
839
839
839
839
839
839
839
839
839
839
839
839
839
839
839
839
839
839
796
796
796
796
796
796
796
796
796
796
796
796
818
818
818
818
818
818
818
818
818
821
821
821
821
821
821
821
821
821
821
821
821
743
743
743
743
743
743
743
743
743
743
743
743
743
743
743
743
743
743
743
889
889
889
889
889
889
889
889
889
889
889
889
889
889
889
889
889
889
889
889
889
889
889
889
889
889
889
889
531
531
531
531
531
531
531
531
531
531
531
531
531
531
531
531
531
531
531
531
531
531
531
-1
-1
-1
-1
-1
-1
-1
-1
-1
-1
-1
-1
-1
-1
-1
-1
-1
595
595
595
595
595
595
595
595
595
595
864
864
864
864
864
864
864
864
864
879
879
879
879
879
879
879
879
879
879
868
868
868
868
868
-1
-1
-1
-1
-1
-1
-1
-1
794
794
794
794
794
794
-1
-1
-1
-1
73
73
73
73
73
73
73
35
35
35
35
35
35
35
35
35
35
-1
-1
774
774
774
774
774
774
774
893
893
893
893
893
637
637
637
637
637
637
637
637
637
637
637
637
637
637
637
637
637
637
637
637
637
637
637
637
637
637
637
637
637
637
637
637
563
563
563
563
563
563
563
563
563
791
791
791
791
791
791
791
791
791
791
791
791
778
778
778
778
778
778
778
778
778
778
778
778
778
778
778
778
778
778
778
778
778
778
778
778
778
778
778
778
778
778
778
778
778
778
778
778
778
326
326
326
326
326
326
326
326
326
326
326
326
326
326
326
-1
-1
-1
-1
-1
-1
-1
-1
-1
-1
-1
26
26
26
26
26
-1
-1
-1
-1
888
888
888
888
888
888
888
888
669
669
669
669
669
669
669
669
669
669
858
858
858
858
858
858
776
776
776
776
776
776
776
776
776
776
776
-1
-1
-1
20
20
20
20
20
751
751
751
751
751
751
751
751
751
736
736
736
736
736
736
736
736
736
736
736
736
736
736
736
-1
-1
875
875
875
875
875
875
34
34
34
34
34
34
34
-1
-1
-1
-1
-1
-1
729
729
729
729
729
729
729
729
729
729
72
72
72
72
72
72
72
72
573
573
573
573
573
573
573
573
573
573
768
768
768
768
768
768
768
653
653
653
653
653
653
653
653
653
744
744
744
744
744
744
744
744
744
371
371
371
371
371
371
371
371
441
441
441
441
441
764
764
764
764
764
764
764
764
840
840
840
840
840
840
840
840
840
840
827
827
827
827
827
827
797
797
797
797
797
-1
-1
-1
-1
-1
-1
-1
-1
-1
-1
766
766
766
766
766
766
766
766
766
766
766
766
766
766
766
766
766
788
788
788
788
788
788
788
788
788
788
788
788
788
788
788
788
788
-1
-1
-1
-1
-1
19
19
19
19
19
19
19
19
19
19
19
19
19
19
19
19
19
-1
-1
-1
93
93
93
93
93
93
93
93
93
93
93
93
93
93
93
93
93
93
93
93
93
-1
-1
-1
849
849
849
849
849
849
-1
-1
-1
-1
-1
-1
-1
-1
-1
-1
-1
-1
-1
-1
-1
-1
-1
-1
161
161
161
161
161
161
-1
-1
-1
-1
516
516
516
516
516
-1
-1
-1
-1
810
810
810
810
810
810
835
835
835
835
835
-1
-1
789
789
789
789
789
789
789
803
803
803
803
803
803
803
803
803
-1
-1
-1
-1
-1
-1
-1
-1
-1
-1
-1
-1
-1
-1
-1
-1
-1
-1
-1
-1
765
765
765
765
765
765
765
765
765
765
765
846
846
846
846
846
846
846
846
811
811
846
846
811
811
811
-1
-1
-1
-1
-1
-1
-1
-1
-1
-1
-1
-1
-1
-1
-1
-1
-1
-1
-1
-1
-1
-1
-1
-1
-1
-1
-1
-1
-1
-1
-1
-1
-1
-1
-1
-1
-1
-1
-1
-1
-1
-1
-1
-1
-1
-1
753
-1
-1
-1
-1
753
753
753
753
753
753
753
