753
753
753
-1
-1
666
666
666
666
666
666
666
666
666
666
666
735
735
735
735
735
735
735
735
735
735
735
735
735
843
843
843
843
843
843
843
843
843
843
843
843
843
843
843
843
843
734
734
734
734
734
734
734
734
734
734
734
734
734
734
734
734
717
717
717
717
717
717
717
717
717
717
717
717
839
839
839
839
839
839
839
839
839
839
839
839
839
796
796
796
796
796
796
796
796
796
796
818
818
818
818
818
818
818
818
818
818
818
818
818
818
818
818
818
818
743
743
743
743
743
743
743
743
743
743
743
743
743
743
743
743
743
777
777
777
777
777
777
777
777
777
777
777
777
777
777
777
777
777
777
777
777
777
777
777
777
777
531
531
531
531
531
531
531
531
531
531
531
531
531
531
531
531
531
531
531
531
531
531
531
531
531
531
531
531
-1
-1
-1
-1
-1
-1
-1
-1
-1
-1
-1
-1
-1
-1
-1
-1
-1
595
595
595
595
595
595
595
864
864
864
864
864
864
864
864
-1
-1
-1
35
35
35
35
35
35
637
637
637
637
637
637
637
637
637
637
637
637
637
637
637
637
637
637
637
637
637
637
637
637
637
637
637
637
637
637
637
819
819
819
819
819
819
819
819
563
563
563
563
563
563
563
563
563
208
208
208
208
208
208
208
208
208
208
791
791
791
791
791
791
791
791
791
791
842
842
842
842
842
842
842
842
842
842
842
831
831
831
831
831
831
831
831
831
831
628
628
628
628
628
628
628
628
628
628
628
628
628
-1
-1
-1
-1
326
326
326
326
326
326
326
326
326
326
326
326
326
326
326
-1
-1
-1
-1
-1
-1
-1
-1
-1
-1
-1
26
26
26
26
26
-1
-1
-1
-1
183
183
183
183
183
834
834
834
834
834
834
834
834
834
834
834
834
834
834
669
669
669
669
669
669
669
669
-1
15
15
15
15
15
15
88
88
88
88
88
-1
-1
-1
-1
-1
-1
-1
-1
751
751
751
751
751
751
751
751
751
751
751
838
838
838
838
838
838
838
838
838
838
838
838
838
838
838
34
34
34
34
34
34
34
-1
-1
-1
-1
-1
-1
729
729
729
729
729
729
729
729
729
729
72
72
72
72
72
72
72
72
573
573
573
573
573
573
573
573
573
833
833
833
833
833
833
833
833
833
833
833
833
833
833
833
833
833
833
833
833
833
833
833
833
833
833
833
833
776
776
776
776
776
776
776
776
776
776
776
776
776
776
776
776
776
776
776
776
776
776
776
776
776
828
828
828
828
828
828
828
828
-1
-1
-1
-1
-1
-1
-1
-1
-1
817
817
817
817
817
817
817
817
817
-1
-1
840
840
840
840
840
840
840
840
840
840
840
-1
-1
-1
-1
-1
-1
-1
-1
-1
-1
-1
-1
-1
-1
-1
-1
-1
-1
-1
-1
-1
19
19
19
19
19
19
19
19
80
80
80
80
80
80
80
80
80
80
80
80
80
788
788
788
788
788
788
788
788
788
788
788
788
788
788
788
-1
-1
-1
-1
-1
-1
-1
849
849
849
849
849
849
-1
-1
-1
766
766
766
766
766
766
766
766
766
766
766
766
766
766
766
-1
-1
161
161
161
161
161
161
-1
-1
-1
516
516
516
516
516
516
-1
-1
-1
-1
810
810
810
810
810
810
810
835
835
835
835
835
809
809
809
809
809
809
789
789
789
789
789
803
803
803
803
803
-1
-1
-1
-1
-1
728
728
728
728
728
-1
-1
-1
-1
785
785
785
785
785
-1
-1
765
765
765
765
765
765
765
765
674
674
674
674
674
674
674
674
674
674
674
-1
-1
-1
-1
-1
-1
-1
-1
-1
-1
-1
-1
-1
-1
-1
-1
-1
-1
-1
-1
-1
-1
-1
-1
-1
-1
-1
-1
-1
-1
-1
-1
-1
-1
-1
-1
-1
-1
-1
-1
-1
-1
-1
-1
-1
-1
-1
-1
-1
-1
-1
-1
-1
-1
-1
-1
-1
-1
753
753
753
753
753
753
753
