46
46
46
46
46
46
46
46
46
46
46
46
51
51
51
51
51
51
51
51
51
51
51
51
51
135
135
135
135
135
135
135
135
135
135
57
57
57
57
57
57
57
57
57
57
216
216
216
216
216
216
216
216
216
216
40
40
40
40
40
40
40
40
103
103
103
103
103
103
103
103
103
103
103
103
103
89
89
89
89
89
89
89
89
89
89
89
89
89
89
6
6
6
6
6
6
6
6
6
6
6
6
6
79
79
79
79
79
79
79
79
79
79
79
79
79
79
79
79
79
79
79
198
198
198
198
198
198
198
198
198
198
198
198
198
198
198
198
198
198
198
198
198
198
198
198
198
198
-1
-1
-1
-1
-1
-1
-1
-1
-1
-1
-1
-1
-1
-1
-1
55
55
55
55
55
55
55
64
64
64
64
64
64
64
67
67
67
67
67
83
83
83
83
83
83
83
83
137
137
137
137
137
137
137
-1
-1
-1
-1
162
162
162
162
162
65
65
65
65
65
31
31
31
31
31
73
73
73
73
73
73
73
35
35
35
35
35
35
35
35
35
35
-1
-1
111
111
111
111
111
111
111
111
111
131
131
131
131
131
131
131
8
8
8
8
8
8
8
8
8
8
11
11
11
11
11
11
11
208
208
208
208
208
208
208
208
208
208
28
28
28
28
28
28
28
28
28
28
17
17
17
17
17
17
17
7
7
7
7
7
7
7
7
220
220
220
220
220
220
220
220
220
220
220
129
129
129
129
129
129
129
23
23
23
23
23
23
23
23
23
23
39
39
39
39
39
50
50
50
50
50
50
50
50
106
106
106
106
106
106
106
-1
-1
-1
-1
-1
-1
-1
-1
-1
-1
-1
26
26
26
26
26
-1
-1
-1
-1
-1
-1
-1
-1
196
196
196
196
196
196
18
18
18
18
18
18
-1
-1
-1
-1
-1
-1
-1
-1
-1
15
15
15
15
15
15
15
20
20
20
20
20
20
-1
-1
-1
-1
-1
-1
-1
-1
-1
-1
-1
207
207
207
207
207
207
140
140
140
140
140
140
140
140
140
49
49
49
49
49
34
34
34
34
34
34
34
-1
-1
-1
-1
-1
72
72
72
72
72
72
72
72
72
72
72
97
97
97
97
97
97
97
97
226
226
226
226
226
30
30
30
30
30
30
30
192
192
192
192
192
21
21
21
21
21
21
21
21
21
107
107
107
107
107
107
107
107
9
9
9
9
9
9
9
92
92
92
92
92
92
92
92
109
109
109
109
109
-1
-1
-1
-1
-1
-1
222
222
222
222
222
222
88
88
88
88
88
88
88
88
88
88
88
88
86
-1
-1
86
86
86
86
86
86
86
86
86
86
86
86
-1
-1
-1
-1
-1
-1
-1
-1
-1
-1
-1
-1
-1
-1
-1
-1
-1
-1
-1
-1
-1
-1
-1
-1
-1
-1
-1
-1
-1
19
19
19
19
19
19
19
19
19
19
80
80
80
80
80
80
80
80
80
80
80
80
80
80
80
93
93
93
93
93
93
93
93
93
93
93
93
93
93
93
93
-1
-1
-1
130
130
130
130
130
130
-1
-1
-1
-1
-1
-1
-1
-1
-1
91
91
91
91
91
91
91
91
91
91
91
161
161
161
161
161
-1
-1
-1
-1
-1
-1
-1
-1
-1
-1
-1
-1
-1
-1
108
108
108
108
108
108
121
121
121
121
121
121
218
218
218
218
218
218
98
98
98
98
98
98
98
98
-1
-1
-1
-1
101
101
101
101
101
101
101
101
101
101
101
101
101
101
-1
-1
-1
-1
-1
-1
-1
-1
-1
-1
-1
-1
-1
42
42
42
42
42
42
42
42
-1
