753
753
753
753
-1
666
666
666
666
666
666
666
666
666
666
666
666
666
666
666
666
666
666
735
735
735
735
735
735
735
735
735
735
735
735
671
671
671
671
671
671
671
671
671
671
671
256
256
256
256
256
256
256
256
256
256
256
256
256
256
256
256
256
256
717
717
717
717
717
717
717
717
717
717
717
717
717
717
717
717
663
663
663
663
663
663
663
663
663
663
663
663
663
663
663
663
663
663
663
663
663
663
663
663
663
663
663
663
663
663
663
663
663
663
663
663
743
743
743
743
743
743
743
743
743
743
743
743
743
743
743
743
743
743
743
743
743
743
743
743
743
743
637
637
637
637
637
637
637
637
637
637
637
637
637
637
637
637
637
637
637
637
637
637
637
637
637
637
637
637
637
637
637
531
531
531
531
531
531
531
531
531
531
531
531
531
268
268
268
268
268
-1
-1
-1
-1
-1
-1
-1
-1
-1
-1
-1
-1
505
505
505
505
505
737
737
737
737
737
737
737
737
595
595
595
595
595
595
595
595
618
618
618
618
618
361
361
361
361
361
361
361
-1
-1
-1
-1
-1
-1
-1
-1
619
619
619
619
619
-1
-1
-1
-1
73
73
73
73
73
73
73
73
73
35
35
35
35
35
35
35
35
35
35
-1
-1
524
524
524
524
524
524
524
567
567
567
567
567
774
774
774
774
774
774
774
774
358
358
358
358
358
358
341
341
341
341
341
341
341
341
563
563
563
563
563
563
563
563
208
208
208
208
208
208
208
208
208
208
208
596
596
596
596
596
596
596
596
596
596
596
596
596
596
596
741
741
741
741
741
741
741
741
741
628
628
628
628
628
628
628
628
628
628
628
628
479
479
479
479
479
479
479
479
-1
-1
-1
-1
326
326
326
326
326
326
326
326
50
50
50
50
50
50
50
-1
-1
-1
-1
-1
-1
-1
-1
-1
-1
26
26
26
26
26
-1
-1
-1
-1
183
183
183
183
183
183
183
-1
-1
-1
457
457
457
457
457
457
-1
-1
-1
-1
-1
-1
-1
-1
-1
-1
-1
-1
15
15
15
15
15
15
15
751
751
751
751
751
751
751
751
751
751
-1
-1
-1
-1
-1
-1
-1
486
486
486
486
486
486
486
770
770
770
770
770
770
770
770
770
770
770
-1
-1
34
34
34
34
34
34
34
-1
-1
-1
-1
-1
72
72
72
72
72
72
72
72
72
72
72
729
729
729
729
729
729
729
729
573
573
573
573
573
573
573
573
573
441
441
441
441
441
441
88
88
88
88
88
88
88
88
88
88
349
349
349
349
349
349
349
349
349
371
371
371
371
371
371
371
622
622
622
622
622
622
622
86
86
86
86
86
86
86
86
86
86
-1
-1
768
768
768
768
768
638
638
638
638
638
638
638
-1
-1
-1
-1
-1
-1
-1
-1
-1
-1
-1
-1
-1
-1
-1
-1
-1
-1
-1
-1
-1
-1
-1
-1
-1
-1
-1
-1
-1
-1
-1
-1
-1
-1
-1
-1
-1
-1
-1
-1
-1
-1
-1
-1
-1
-1
-1
-1
-1
-1
-1
19
19
19
19
19
19
19
19
19
19
19
19
19
19
19
767
767
767
767
767
767
767
767
767
767
767
767
767
767
767
80
80
80
80
80
80
80
80
80
80
-1
-1
-1
130
130
130
130
130
130
-1
749
749
749
749
749
749
749
749
749
749
749
749
749
749
749
749
749
749
749
749
749
658
658
658
658
658
658
658
658
658
658
658
658
658
658
658
658
658
658
658
658
658
658
658
658
658
658
658
658
658
658
-1
-1
-1
669
-1
669
669
669
669
669
669
669
669
669
669
669
669
669
669
669
669
669
669
669
669
669
669
669
669
669
669
669
769
769
769
769
769
769
-1
-1
-1
757
757
757
757
757
757
757
757
757
765
765
765
765
765
765
733
733
733
733
733
733
733
733
733
736
736
736
736
736
736
736
736
736
-1
-1
-1
697
697
697
697
697
697
697
697
697
697
697
697
697
697
697
697
697
697
697
697
697
697
697
-1
-1
-1
-1
-1
-1
-1
-1
-1
-1
-1
-1
-1
-1
-1
-1
-1
753
753
753
753
753
753
753
