753
753
753
-1
-1
666
666
666
666
666
666
666
666
666
666
666
666
666
666
666
666
666
666
666
666
671
671
671
671
671
671
671
671
671
671
671
671
843
843
843
843
843
843
843
843
843
843
843
843
843
843
843
843
843
734
734
734
734
734
734
734
734
734
839
839
839
839
839
839
839
839
839
839
839
839
839
839
796
796
796
796
796
796
796
796
796
796
796
818
818
818
818
818
818
818
818
818
818
818
818
818
818
821
821
821
821
821
821
821
821
821
821
821
821
821
743
743
743
743
743
743
743
743
743
743
743
743
743
743
743
743
743
743
743
743
777
777
777
777
777
777
777
777
777
777
777
777
777
777
777
777
777
777
777
777
777
777
777
777
777
777
777
531
531
531
531
531
531
531
531
531
531
531
531
531
531
531
531
531
531
531
531
531
531
531
531
531
531
-1
-1
-1
-1
-1
-1
-1
-1
-1
-1
-1
-1
-1
-1
-1
595
595
595
595
595
595
864
864
864
864
864
864
864
864
864
879
879
879
879
879
879
879
879
879
879
868
868
868
868
868
868
868
868
868
-1
-1
-1
-1
-1
-1
-1
794
794
794
794
794
484
484
484
484
484
73
73
73
73
73
73
73
73
35
35
35
35
35
35
35
35
35
35
-1
-1
774
774
774
774
774
774
774
774
774
893
893
893
893
893
893
893
893
893
893
893
893
893
637
637
637
637
637
637
637
637
637
637
637
637
637
637
637
637
637
637
637
637
637
637
637
637
637
637
637
637
637
637
637
637
637
637
637
791
791
791
791
791
791
791
791
791
791
791
791
778
778
778
778
778
778
778
778
778
778
778
778
778
778
778
778
778
778
778
778
778
778
778
778
778
778
778
778
778
778
778
778
778
778
778
778
778
778
326
326
326
326
326
326
326
326
326
326
326
-1
-1
-1
-1
-1
-1
-1
26
-1
-1
26
26
26
26
26
26
-1
-1
-1
888
888
888
888
888
888
888
888
834
834
834
834
834
834
858
858
-1
858
858
858
-1
-1
776
776
776
776
776
776
776
776
776
776
776
833
833
833
833
833
833
895
895
895
895
895
895
895
895
895
895
895
895
895
895
895
895
895
895
852
852
852
852
852
852
852
852
890
890
890
890
890
890
875
875
875
875
875
875
34
34
34
34
34
34
34
-1
-1
-1
-1
-1
729
729
729
729
729
729
729
729
729
729
729
729
72
72
72
72
72
72
72
72
573
573
573
573
573
573
573
573
573
573
573
573
573
573
573
653
653
653
653
653
653
653
653
653
653
744
744
744
744
744
744
744
744
744
744
744
744
441
441
441
441
441
441
441
441
840
840
840
840
788
788
788
788
788
788
788
788
788
788
788
840
840
840
827
827
827
827
827
827
-1
-1
-1
-1
731
731
731
731
731
-1
-1
766
766
766
766
766
766
766
766
766
766
766
766
766
766
766
766
766
766
766
766
-1
-1
-1
-1
-1
-1
-1
-1
-1
-1
-1
-1
-1
-1
-1
-1
-1
-1
-1
-1
-1
-1
-1
19
19
19
19
19
19
19
19
19
19
19
19
19
19
19
19
19
805
805
805
805
805
805
805
805
805
805
805
805
805
805
805
805
93
93
93
93
93
93
93
93
-1
-1
-1
849
849
849
849
849
849
-1
-1
-1
-1
-1
-1
-1
-1
-1
-1
-1
-1
-1
-1
161
161
-1
-1
161
161
161
161
161
848
848
848
848
848
848
-1
-1
-1
-1
-1
-1
-1
810
810
810
810
810
810
835
835
835
835
835
835
789
789
789
789
789
789
789
789
789
803
803
803
803
803
803
803
-1
-1
-1
-1
-1
728
728
728
728
728
-1
-1
-1
-1
785
785
785
785
785
-1
-1
765
765
765
765
765
765
765
765
846
846
846
846
846
846
811
811
811
811
811
811
811
811
811
811
811
-1
-1
-1
-1
-1
-1
-1
-1
-1
-1
-1
-1
-1
-1
-1
-1
-1
-1
-1
-1
-1
-1
-1
-1
-1
-1
-1
-1
-1
-1
-1
-1
-1
-1
-1
-1
-1
-1
-1
-1
-1
-1
-1
-1
-1
-1
753
753
-1
-1
-1
753
753
753
753
753
753
753
753
