1022
1022
1022
-1
-1
666
666
666
666
666
666
666
666
666
666
666
666
666
666
666
666
666
666
666
666
1000
1000
1000
1000
1000
1000
1000
1000
1000
1000
1000
735
735
735
735
735
735
735
735
735
735
735
735
735
735
735
735
735
987
987
987
987
987
987
987
987
987
987
987
839
839
839
839
839
839
839
839
839
839
839
839
839
839
839
839
839
919
919
919
919
919
919
919
919
919
919
919
796
796
796
796
796
796
796
796
796
796
796
796
796
796
796
796
796
796
796
796
796
796
796
777
777
777
777
777
777
777
777
777
777
777
777
777
889
889
889
889
889
889
889
889
889
889
889
889
889
889
889
889
889
889
889
889
889
889
889
889
889
889
889
889
889
889
889
889
889
889
1030
1030
1030
1030
1030
1030
1030
1030
1030
1030
1030
1030
1030
1030
1030
1030
1030
1030
1030
1030
1030
1030
1030
1030
1030
998
998
998
998
998
-1
-1
-1
-1
-1
-1
-1
-1
-1
-1
-1
1017
1017
1017
1017
1017
1017
1017
1017
1017
1017
1017
595
595
595
595
595
595
595
595
595
595
595
595
595
595
595
864
864
864
864
864
864
864
864
-1
-1
-1
887
887
887
887
887
1074
1074
1074
1074
1074
794
794
794
794
794
484
484
484
484
484
484
484
484
35
35
35
35
35
35
35
35
35
35
-1
-1
915
915
915
915
915
915
915
915
893
893
893
893
893
893
893
893
893
893
893
893
893
1013
1013
1013
1013
1013
1013
1013
1013
1013
1013
910
910
910
910
910
910
910
910
910
910
910
910
910
910
910
910
910
910
910
910
910
910
791
791
791
791
791
791
791
791
791
791
791
791
791
791
791
914
914
914
914
914
914
914
914
914
914
914
914
914
914
1065
1065
1065
1065
1065
1065
1065
1065
1065
1065
1065
1065
1065
1065
930
930
930
930
930
930
326
326
326
326
326
326
326
326
326
326
326
326
326
326
326
-1
-1
-1
-1
-1
-1
-1
-1
954
-1
-1
-1
954
954
954
954
954
954
-1
-1
-1
-1
944
944
944
944
944
944
944
-1
-1
-1
978
-1
978
978
978
978
978
-1
-1
-1
1056
1056
1056
1056
1056
1056
1056
-1
-1
-1
-1
994
994
994
994
994
994
994
972
972
972
972
972
972
-1
-1
-1
-1
-1
-1
-1
-1
-1
-1
34
34
34
34
34
34
34
34
34
34
34
34
34
875
875
875
875
875
875
486
486
486
486
486
486
486
486
486
-1
-1
-1
927
927
927
927
927
927
927
927
927
927
927
927
927
927
927
927
927
927
927
927
929
929
929
929
929
929
929
929
929
929
929
929
929
929
929
959
959
959
959
959
959
959
959
959
959
1029
1029
1029
1029
1029
1029
1029
1029
1029
1029
1029
1029
1029
1029
1063
1063
1063
1063
1063
1063
1063
1063
943
943
943
943
943
943
943
943
943
943
731
731
731
731
731
731
731
706
706
706
706
706
706
706
706
706
-1
-1
-1
-1
-1
-1
-1
-1
-1
-1
-1
-1
-1
-1
-1
668
668
668
668
668
-1
-1
-1
-1
-1
-1
-1
-1
-1
-1
-1
-1
-1
-1
-1
-1
-1
-1
-1
-1
-1
-1
-1
-1
-1
-1
-1
-1
-1
19
19
19
19
19
19
19
19
19
19
19
19
19
19
19
19
19
805
805
805
805
805
805
805
805
805
805
805
805
805
805
805
805
805
805
805
805
805
805
805
805
-1
-1
-1
849
849
849
849
849
849
-1
-1
-1
-1
-1
-1
-1
-1
-1
-1
-1
-1
-1
-1
161
161
-1
-1
161
161
161
161
161
161
161
848
848
848
848
848
-1
-1
-1
-1
-1
-1
-1
-1
986
986
986
986
986
986
810
810
810
810
810
810
789
789
789
789
789
789
789
789
803
803
803
803
803
803
803
803
803
803
803
-1
1019
1019
-1
1019
1019
1019
1019
1019
-1
-1
-1
-1
785
785
785
785
785
-1
-1
1034
1034
1034
1034
1034
1034
1034
1034
1034
1034
1034
1034
811
811
811
811
811
811
811
1070
1070
811
811
811
1070
1070
1070
1070
-1
-1
-1
-1
-1
-1
-1
-1
-1
-1
-1
-1
-1
-1
-1
-1
-1
-1
-1
-1
-1
-1
-1
-1
-1
-1
-1
-1
-1
844
844
844
844
844
815
815
815
815
815
-1
-1
-1
-1
-1
1022
-1
-1
-1
1022
1022
1022
1022
1022
1022
1022
1022
