256
256
256
256
256
256
256
256
256
256
256
256
256
256
256
256
51
51
51
51
51
51
51
135
135
135
135
135
135
135
135
135
304
304
304
304
304
304
304
304
304
304
304
304
304
57
57
57
57
57
57
57
57
57
57
216
216
216
216
216
216
216
216
216
216
216
216
103
103
103
103
103
103
103
103
103
103
89
89
89
89
89
89
89
89
89
89
89
89
89
89
89
89
89
89
6
6
6
6
6
6
6
6
6
6
6
6
6
6
6
6
6
6
6
6
6
6
198
198
198
198
198
198
198
198
198
198
198
198
198
198
268
268
268
268
268
268
268
268
268
268
268
268
268
268
268
268
268
102
102
102
102
102
-1
-1
-1
-1
-1
-1
-1
-1
-1
-1
-1
-1
-1
243
243
243
243
243
243
243
67
67
67
67
67
55
55
55
55
55
55
55
55
313
313
313
313
313
313
137
137
137
137
137
137
137
-1
-1
-1
-1
-1
-1
-1
-1
65
65
65
65
65
65
272
272
272
272
272
272
73
73
73
73
73
73
73
35
35
35
35
35
35
35
35
35
35
-1
-1
131
131
131
131
131
131
131
250
250
250
250
250
250
239
239
239
239
239
239
239
239
239
239
239
239
8
8
8
8
8
8
8
8
8
273
273
273
273
273
273
208
208
208
208
208
208
208
208
208
208
208
208
208
319
319
319
319
319
319
319
7
7
7
7
7
7
7
7
17
17
17
17
17
17
17
17
17
17
17
269
269
269
269
269
269
269
129
129
129
129
129
129
129
129
129
129
39
39
39
39
39
50
50
50
50
50
50
50
50
106
106
106
106
106
106
106
-1
-1
-1
-1
-1
-1
-1
-1
-1
-1
26
26
26
26
26
26
-1
-1
-1
-1
-1
-1
-1
183
183
183
183
183
-1
-1
18
18
18
18
18
-1
-1
-1
-1
-1
-1
-1
-1
-1
-1
-1
-1
15
15
15
15
15
15
15
20
20
20
20
20
20
-1
-1
-1
-1
-1
-1
-1
-1
-1
-1
-1
310
310
310
310
310
310
310
140
140
140
140
140
140
140
140
49
49
49
49
49
34
34
34
34
34
34
34
-1
-1
-1
-1
-1
72
72
72
72
72
72
72
72
72
72
72
97
97
97
97
97
97
97
97
97
253
253
253
253
253
253
253
253
253
69
69
69
69
69
69
69
21
21
21
21
21
21
21
21
21
107
107
107
107
107
107
107
107
316
316
316
316
316
316
316
316
316
92
92
92
92
92
92
-1
-1
-1
-1
0
0
0
0
0
221
221
221
221
221
221
88
88
88
88
88
88
88
88
88
88
88
88
88
88
-1
-1
86
86
86
86
86
86
86
86
86
86
86
86
-1
-1
-1
-1
-1
-1
-1
-1
-1
-1
-1
-1
-1
-1
-1
-1
-1
-1
-1
-1
-1
-1
-1
-1
-1
-1
-1
-1
-1
-1
19
19
19
19
19
19
19
19
19
19
19
19
19
19
19
19
213
213
213
213
213
213
213
213
93
93
93
93
93
93
93
93
93
93
93
93
93
93
93
93
93
-1
-1
-1
130
130
130
130
130
130
-1
-1
-1
-1
-1
-1
-1
-1
-1
251
251
251
251
251
251
251
251
251
251
251
251
161
161
161
161
161
161
-1
-1
-1
-1
301
301
301
301
301
301
-1
-1
-1
-1
108
108
108
108
108
108
121
121
121
121
121
218
218
218
218
218
218
218
218
98
98
98
98
98
98
134
134
134
134
134
101
101
101
101
101
101
101
101
101
101
101
101
101
101
101
101
-1
-1
-1
-1
-1
-1
-1
-1
-1
-1
-1
-1
42
42
42
42
42
42
42
42
