753
753
753
-1
-1
666
666
666
666
666
666
666
666
666
735
735
735
735
735
735
735
735
735
735
735
735
735
735
735
671
671
671
671
671
671
671
671
671
671
671
671
734
734
734
734
734
734
734
734
734
734
734
256
256
256
256
256
256
256
256
256
256
256
256
717
717
717
717
717
717
717
717
717
717
717
717
717
717
717
717
663
663
663
663
663
663
663
663
663
663
663
663
663
663
663
663
663
663
663
663
663
663
663
663
663
663
663
663
663
663
663
663
663
663
663
743
743
743
743
743
743
743
743
743
743
743
743
743
743
743
743
743
743
743
743
743
743
743
743
743
743
637
637
637
637
637
637
637
637
637
637
637
637
637
637
637
637
637
637
637
637
637
637
637
637
637
637
637
637
637
637
637
531
531
531
531
531
531
531
531
531
531
531
531
531
-1
-1
-1
-1
-1
-1
-1
-1
-1
-1
-1
-1
-1
-1
-1
-1
-1
-1
-1
505
505
505
505
505
505
505
505
505
737
737
737
737
737
737
737
737
737
595
595
595
595
595
595
595
595
361
361
361
361
361
361
361
-1
-1
-1
-1
-1
-1
-1
-1
-1
-1
619
619
619
619
619
484
484
484
484
484
73
73
73
73
73
73
73
35
35
35
35
35
35
35
35
35
35
-1
-1
524
524
524
524
524
524
524
524
524
567
567
567
567
567
567
567
567
567
567
567
567
341
341
341
341
341
341
341
341
341
341
341
341
563
563
563
563
563
563
563
563
208
208
208
208
208
208
208
208
208
208
208
208
596
596
596
596
596
596
596
596
596
596
596
596
596
596
596
628
628
628
628
628
628
628
628
628
628
628
628
628
628
628
479
479
479
479
479
479
479
479
479
479
479
479
479
39
39
39
39
39
326
326
326
326
326
326
326
326
50
50
50
50
50
50
50
-1
-1
-1
-1
-1
-1
-1
-1
-1
-1
26
26
26
26
26
-1
-1
-1
-1
-1
-1
-1
-1
739
739
739
-1
739
-1
739
-1
457
457
457
457
457
-1
-1
-1
-1
-1
-1
-1
-1
-1
-1
-1
15
15
15
15
15
15
15
20
20
20
20
20
751
751
751
751
751
751
751
751
751
751
751
-1
-1
-1
486
486
486
486
486
486
486
486
486
486
770
770
770
770
770
770
770
770
770
770
770
770
95
95
95
95
95
-1
-1
-1
72
72
72
72
72
72
72
72
72
72
72
72
729
729
729
729
729
729
729
729
573
573
573
573
573
573
573
573
573
573
573
441
441
441
441
441
441
441
441
653
653
653
653
653
653
-1
-1
-1
-1
88
88
88
88
88
88
88
88
371
371
371
371
371
371
371
371
371
-1
-1
-1
-1
86
86
86
86
86
86
86
86
86
86
-1
-1
-1
638
638
638
638
638
638
-1
-1
-1
-1
-1
-1
-1
-1
-1
-1
-1
-1
-1
-1
-1
-1
-1
-1
-1
-1
-1
-1
-1
-1
-1
-1
-1
-1
-1
-1
-1
-1
-1
-1
-1
-1
-1
-1
-1
-1
-1
-1
-1
-1
-1
-1
-1
-1
-1
-1
-1
-1
19
19
19
19
19
19
19
19
19
19
19
19
19
19
19
19
19
767
767
767
767
767
767
767
767
767
767
767
80
80
80
80
80
80
80
80
80
80
80
80
80
-1
-1
-1
130
130
130
130
130
130
-1
-1
-1
80
749
749
749
749
749
749
749
749
749
749
749
749
749
749
749
749
749
749
749
749
749
749
749
749
749
749
749
749
749
749
516
516
516
516
516
-1
-1
-1
-1
-1
-1
-1
108
108
108
108
108
108
108
658
658
658
658
658
658
658
658
658
658
658
658
658
658
658
658
658
658
658
658
658
658
658
658
658
658
658
-1
-1
669
669
669
669
669
669
669
669
669
669
669
669
669
669
669
669
669
669
669
669
669
669
669
669
765
765
765
765
765
765
765
733
733
733
733
733
733
733
733
736
736
736
736
736
736
736
736
736
-1
-1
-1
-1
-1
697
697
697
697
697
697
697
697
697
697
697
697
697
697
697
697
697
697
697
697
697
697
697
697
-1
-1
-1
-1
-1
-1
-1
-1
-1
-1
-1
-1
-1
753
-1
-1
-1
-1
753
753
753
753
753
753
753
