256
256
256
256
256
256
256
256
256
256
256
51
51
51
51
51
51
51
51
51
51
51
51
57
57
57
57
57
57
57
57
57
57
57
57
365
365
365
365
365
365
365
216
216
216
216
216
216
216
216
216
216
216
216
412
412
412
412
412
412
412
412
412
412
412
412
412
412
412
389
389
389
389
389
389
389
389
6
6
6
6
6
6
6
6
6
6
6
6
6
6
6
268
268
268
268
268
268
268
268
268
268
268
268
268
268
268
268
268
268
268
268
268
268
268
268
268
268
268
367
367
367
367
367
367
367
367
367
367
367
367
367
367
367
367
367
367
367
367
367
367
367
367
367
367
367
367
367
-1
-1
-1
-1
-1
-1
-1
-1
-1
-1
-1
-1
-1
-1
-1
-1
243
243
243
243
243
243
243
243
243
243
353
353
353
353
353
353
67
67
67
67
67
67
67
67
137
137
137
137
137
137
137
137
137
137
-1
-1
-1
-1
-1
-1
-1
-1
-1
-1
-1
-1
-1
-1
-1
73
73
73
73
73
73
73
73
73
35
35
35
35
35
35
35
35
35
35
-1
-1
358
358
358
358
358
358
358
358
358
131
131
131
131
131
298
298
298
298
298
298
298
298
341
341
341
341
341
341
341
341
341
341
341
341
326
326
326
326
326
326
326
326
326
208
208
208
208
208
208
208
208
208
208
7
7
7
7
7
7
7
7
7
7
7
7
7
7
7
375
375
375
375
375
375
375
375
375
375
375
375
375
375
375
375
414
414
414
414
414
414
414
414
414
414
414
414
414
39
39
39
39
39
50
50
50
50
50
50
50
50
106
106
106
106
106
106
106
-1
-1
-1
-1
-1
-1
-1
-1
-1
-1
-1
26
26
26
26
26
-1
-1
-1
-1
-1
-1
-1
-1
183
183
183
-1
183
183
18
18
18
18
18
18
-1
-1
-1
-1
-1
-1
-1
-1
-1
-1
15
15
15
15
15
15
15
20
20
20
20
20
-1
-1
-1
-1
-1
-1
-1
417
417
417
417
417
310
310
310
310
310
310
310
310
140
140
140
140
140
49
49
49
49
49
49
34
34
34
34
34
34
34
-1
-1
-1
-1
-1
-1
72
72
72
72
72
72
72
72
72
72
97
97
97
97
97
97
97
97
386
386
386
386
386
386
386
386
386
386
409
409
409
409
409
409
409
409
409
409
69
69
69
69
69
69
107
107
107
107
107
107
107
107
107
371
371
371
371
371
371
371
371
92
92
92
92
92
-1
-1
-1
-1
0
0
0
0
0
0
-1
-1
-1
-1
-1
-1
88
88
88
88
88
88
88
88
88
88
88
88
88
88
-1
-1
86
86
86
86
86
86
86
86
86
86
86
-1
-1
-1
-1
-1
-1
-1
-1
-1
-1
-1
-1
-1
-1
-1
-1
-1
-1
-1
-1
-1
-1
-1
-1
-1
-1
-1
-1
-1
-1
-1
19
19
19
19
19
19
19
19
369
369
369
369
369
369
369
369
369
369
369
369
93
93
93
93
93
93
93
93
93
93
93
93
93
80
80
80
80
80
80
80
80
-1
-1
-1
130
130
130
130
130
130
-1
-1
-1
-1
-1
-1
-1
-1
-1
415
415
415
415
415
415
415
415
415
415
415
415
415
-1
-1
-1
-1
-1
-1
-1
301
301
301
301
301
14
14
-1
14
14
14
108
108
108
108
108
108
121
121
121
121
121
121
218
218
218
218
218
218
364
364
364
364
364
364
364
364
-1
-1
164
164
164
164
164
164
164
164
164
164
164
164
164
164
164
-1
-1
-1
-1
-1
-1
-1
-1
387
387
387
-1
-1
-1
-1
-1
387
387
-1
164
