753
753
753
753
-1
666
666
666
666
666
666
666
666
666
666
666
666
666
666
666
666
666
666
666
666
666
666
843
843
843
843
843
843
843
843
843
734
734
734
734
734
734
734
734
734
734
734
734
734
734
734
734
734
734
256
256
256
256
256
256
256
256
256
256
256
717
717
717
717
717
717
717
717
717
717
839
839
839
839
839
839
839
839
839
839
839
839
796
796
796
796
796
796
796
796
796
796
821
821
821
821
821
821
821
821
821
821
821
821
821
821
821
821
821
821
743
743
743
743
743
743
743
743
743
743
743
743
743
743
777
777
777
777
777
777
777
777
777
777
777
777
777
777
777
777
777
777
777
777
777
777
777
777
777
531
531
531
531
531
531
531
531
531
531
531
531
531
531
531
531
531
531
531
531
531
531
531
531
531
531
531
531
531
531
531
531
-1
-1
-1
-1
-1
-1
-1
-1
-1
-1
-1
-1
-1
-1
-1
-1
595
595
595
595
595
595
595
595
595
595
864
864
864
864
864
864
864
879
879
879
879
879
879
879
879
879
879
868
868
868
868
868
868
868
-1
-1
-1
872
872
872
872
872
484
484
484
484
484
484
484
73
73
73
73
73
73
73
73
73
35
35
35
35
35
35
35
35
35
35
637
637
637
637
637
637
637
637
637
637
637
637
637
637
637
637
637
637
637
637
637
778
778
778
778
778
778
778
778
778
778
778
778
778
778
778
778
778
778
778
778
778
778
778
778
778
778
778
778
778
778
778
778
778
778
778
778
778
778
778
778
778
778
842
842
842
842
842
842
842
842
842
842
842
842
842
842
842
842
842
842
831
831
831
831
831
831
831
831
831
831
831
831
831
831
831
831
831
831
39
39
39
39
39
326
326
326
326
326
326
326
326
326
326
326
326
326
326
326
-1
-1
-1
-1
-1
-1
-1
-1
26
-1
-1
26
26
26
26
26
-1
-1
-1
-1
-1
-1
-1
834
834
834
834
834
834
834
834
834
834
669
669
669
669
669
669
669
858
858
-1
858
858
858
858
-1
-1
-1
-1
-1
-1
-1
-1
-1
-1
-1
-1
-1
-1
-1
-1
751
751
751
751
751
751
751
751
751
751
751
751
838
838
838
838
838
838
838
838
838
838
776
776
776
776
776
776
776
776
776
776
776
776
776
776
776
776
776
776
-1
-1
-1
-1
-1
-1
-1
-1
833
833
833
833
833
833
833
833
833
833
833
833
833
833
833
833
833
833
833
833
833
833
833
833
833
833
833
768
768
768
768
768
768
768
768
653
653
653
653
653
653
744
744
744
744
744
744
744
744
744
744
744
371
371
371
371
371
371
371
371
622
622
622
622
622
622
622
622
798
798
798
798
798
-1
-1
817
817
817
817
817
817
817
817
817
-1
-1
-1
-1
-1
-1
-1
-1
-1
-1
-1
-1
-1
-1
840
840
840
840
840
840
840
840
840
840
840
-1
-1
-1
-1
-1
-1
-1
-1
-1
-1
-1
-1
-1
-1
-1
-1
-1
-1
-1
-1
-1
-1
-1
-1
-1
-1
866
866
866
866
866
866
866
788
788
788
788
788
788
788
788
788
788
788
788
788
788
93
788
788
788
788
93
93
93
93
93
93
93
93
93
93
93
93
93
93
93
93
-1
-1
-1
849
849
849
849
849
849
-1
-1
-1
-1
-1
-1
-1
-1
-1
-1
-1
-1
-1
161
-1
-1
161
161
161
161
161
161
848
848
848
848
848
516
516
516
516
516
-1
-1
-1
-1
810
810
810
810
810
810
835
835
835
835
835
835
809
809
809
809
809
809
789
789
789
789
789
789
789
789
789
789
789
-1
-1
800
-1
800
800
800
800
800
-1
-1
-1
-1
785
785
785
785
785
-1
785
765
765
765
765
765
765
765
765
765
765
765
765
765
674
674
674
674
674
674
674
674
674
674
674
674
-1
-1
-1
-1
-1
-1
-1
-1
-1
-1
-1
-1
-1
-1
-1
-1
-1
-1
-1
-1
-1
-1
-1
-1
-1
-1
-1
-1
-1
-1
-1
-1
-1
-1
-1
-1
-1
-1
-1
-1
-1
-1
-1
-1
-1
-1
-1
-1
-1
-1
-1
-1
753
753
753
753
753
753
753
