-1
-1
-1
-1
-1
666
666
666
666
666
666
666
666
666
666
735
735
735
735
735
735
735
735
735
735
735
735
671
671
671
671
671
671
671
671
671
671
734
734
734
734
734
734
734
734
734
734
734
734
256
256
256
256
256
256
256
256
256
256
256
256
256
256
256
256
717
717
717
717
717
717
717
717
717
717
717
717
717
717
717
717
778
778
778
778
778
778
778
778
778
778
778
663
663
663
663
663
663
663
663
663
663
663
663
663
663
663
663
663
663
663
663
663
663
663
663
663
663
663
663
743
743
743
743
743
743
743
743
743
743
743
743
743
743
743
743
743
743
743
743
743
743
743
743
637
637
637
637
637
637
637
637
637
637
637
637
637
637
637
637
637
637
637
637
637
637
637
637
637
637
637
637
637
637
637
637
531
531
531
531
531
531
531
531
531
-1
-1
-1
-1
-1
-1
-1
-1
-1
-1
-1
-1
-1
-1
-1
-1
-1
505
505
505
505
505
505
737
737
737
737
737
737
737
595
595
595
595
595
595
595
595
595
618
618
618
618
618
361
361
361
361
361
361
361
-1
-1
-1
-1
-1
-1
-1
-1
619
619
619
619
619
619
73
73
73
73
73
73
73
73
73
73
35
35
35
35
35
35
35
35
35
35
-1
-1
524
524
524
524
524
524
524
524
774
774
774
774
774
774
774
358
358
358
358
358
358
358
358
358
358
358
358
341
341
341
341
341
341
341
341
563
563
563
563
563
563
563
563
208
208
208
208
208
208
208
208
208
208
791
791
791
791
791
791
791
791
791
791
791
741
741
741
741
741
741
741
741
741
741
479
479
479
479
479
479
479
628
628
628
628
628
628
628
628
628
628
628
628
628
628
628
628
39
39
39
39
39
326
326
326
326
326
326
326
326
50
50
50
50
50
50
50
-1
-1
-1
-1
-1
-1
-1
-1
-1
-1
-1
-1
26
26
26
26
26
-1
-1
-1
-1
183
183
183
183
183
183
-1
-1
-1
457
457
457
457
457
457
457
-1
-1
-1
-1
-1
732
732
732
732
732
732
-1
-1
770
770
770
770
770
770
770
-1
-1
-1
-1
-1
-1
-1
-1
-1
-1
-1
310
310
310
310
310
417
417
417
417
417
417
417
417
486
486
486
486
486
-1
88
88
88
88
88
88
88
88
88
-1
-1
-1
-1
-1
-1
-1
-1
-1
72
72
72
72
72
72
72
72
72
72
72
707
707
707
707
707
707
707
707
573
573
573
573
573
573
573
573
573
573
441
441
441
441
441
441
441
441
441
653
653
653
653
653
653
349
349
349
349
349
349
349
371
371
371
371
371
371
371
0
0
0
0
0
0
744
744
744
744
744
744
744
798
798
798
798
798
798
788
788
788
788
788
788
788
788
788
788
-1
19
19
19
19
19
19
19
19
19
19
19
19
19
19
19
19
-1
-1
-1
80
80
80
80
80
80
80
80
80
80
80
80
80
80
80
93
93
93
93
93
93
93
-1
-1
-1
130
130
130
130
130
130
519
519
519
519
519
519
519
519
519
-1
-1
-1
-1
-1
-1
-1
-1
-1
-1
161
161
161
161
161
161
-1
-1
-1
-1
-1
-1
-1
669
669
669
669
669
669
669
669
669
669
669
669
669
669
669
669
669
669
669
669
669
669
669
669
669
669
669
669
669
669
669
669
803
803
803
803
803
803
789
789
789
789
789
-1
-1
-1
-1
-1
-1
-1
-1
-1
-1
-1
-1
-1
785
785
785
785
785
-1
-1
765
765
765
765
765
765
765
-1
-1
-1
-1
776
776
776
776
776
776
776
776
776
776
776
776
776
-1
-1
-1
-1
-1
-1
-1
-1
-1
-1
-1
-1
-1
-1
-1
-1
-1
-1
-1
-1
-1
-1
-1
-1
-1
-1
-1
-1
-1
-1
-1
-1
-1
-1
-1
-1
-1
-1
-1
-1
-1
-1
-1
-1
-1
-1
753
-1
-1
-1
-1
753
753
753
753
753
753
753
