670
670
670
670
-1
666
666
666
666
669
669
669
669
669
669
669
669
669
669
669
666
666
669
669
669
669
669
669
669
669
669
669
669
669
671
671
671
671
671
671
671
671
671
671
671
671
671
671
671
671
671
671
671
637
637
637
637
637
637
637
637
637
637
637
637
637
637
637
637
637
637
637
637
637
637
637
637
637
637
637
637
637
637
637
637
637
637
637
637
637
637
637
637
637
637
637
620
620
620
620
620
620
620
620
620
620
620
620
620
620
620
620
620
620
620
6
6
6
6
6
6
6
6
6
6
6
6
6
6
6
6
6
6
6
6
6
6
6
6
6
6
6
531
531
531
531
531
531
531
531
531
531
531
531
531
531
531
531
531
531
531
268
268
268
268
268
268
268
268
268
268
268
268
268
268
268
268
268
268
268
268
268
268
268
268
268
268
433
433
433
433
433
-1
-1
-1
-1
-1
-1
-1
-1
-1
-1
-1
-1
505
505
505
505
505
505
505
505
618
618
618
618
618
618
618
595
595
595
595
595
595
595
595
595
595
361
361
361
361
361
361
361
361
-1
-1
-1
-1
-1
-1
-1
-1
484
484
484
484
484
484
484
484
619
619
619
619
619
73
73
73
73
73
73
73
35
35
35
35
35
35
35
35
35
35
-1
-1
524
524
524
524
524
524
524
524
341
341
341
341
341
341
341
358
358
358
358
358
358
358
358
358
358
358
358
358
326
326
326
326
326
326
326
326
326
326
326
326
326
326
326
208
208
208
208
208
208
208
208
208
208
596
596
596
596
596
596
596
596
596
596
641
641
641
641
641
641
641
641
641
641
641
479
479
479
479
479
479
479
479
479
479
628
628
628
628
628
628
628
628
628
628
628
628
628
39
39
39
39
39
50
50
50
50
50
50
50
50
50
50
50
50
50
50
50
-1
-1
-1
-1
-1
-1
-1
-1
26
-1
-1
26
26
26
26
26
-1
-1
-1
-1
183
183
183
183
183
183
183
-1
-1
-1
-1
457
457
457
457
457
-1
-1
-1
-1
-1
-1
-1
-1
-1
-1
15
15
15
15
15
15
15
20
20
20
20
20
20
-1
-1
-1
-1
-1
-1
-1
-1
-1
-1
-1
-1
310
310
310
310
310
310
310
310
486
486
486
486
486
49
49
49
49
49
49
34
34
34
34
34
34
34
-1
-1
-1
-1
-1
72
72
72
72
72
72
72
72
72
72
72
72
72
72
72
72
72
72
72
72
441
441
441
441
441
441
441
441
441
441
441
441
441
441
441
573
573
573
573
573
573
573
573
573
573
349
349
349
349
349
349
349
349
349
349
349
349
0
0
0
0
0
0
0
0
0
0
622
622
622
622
622
92
92
92
92
92
638
638
638
638
638
638
88
88
88
88
88
88
88
88
88
-1
-1
-1
-1
-1
-1
-1
-1
-1
-1
-1
86
86
86
86
86
86
86
86
86
-1
-1
-1
-1
-1
-1
-1
-1
-1
-1
-1
-1
-1
-1
-1
-1
-1
-1
-1
-1
-1
-1
-1
-1
-1
-1
-1
-1
-1
-1
19
19
19
19
19
19
19
19
19
19
19
19
19
19
19
19
93
93
93
93
93
93
93
93
93
93
93
93
93
93
93
80
80
80
80
80
80
80
80
80
80
-1
-1
-1
130
130
130
130
130
-1
-1
-1
-1
-1
519
519
519
519
519
519
519
-1
519
519
519
519
519
519
161
161
161
161
161
161
161
161
360
360
360
360
360
360
-1
-1
-1
-1
-1
-1
-1
108
108
108
108
108
108
121
121
121
121
121
-1
-1
-1
-1
579
579
579
579
579
579
579
579
579
579
579
579
658
658
658
658
658
-1
-1
-1
690
690
690
690
690
690
-1
-1
-1
-1
-1
-1
-1
-1
657
657
657
657
657
657
672
672
672
672
672
672
672
672
674
674
674
674
-1
-1
674
674
674
-1
-1
-1
-1
-1
-1
-1
-1
-1
-1
-1
691
691
691
691
691
691
691
691
691
691
-1
-1
-1
685
685
685
685
685
685
685
685
-1
-1
-1
-1
-1
-1
-1
-1
-1
-1
-1
-1
-1
-1
670
670
-1
-1
-1
670
670
670
670
670
670
670
670
