724
724
724
724
-1
666
666
666
666
666
697
697
697
697
697
697
697
697
697
697
697
735
735
735
735
735
735
735
735
671
671
671
671
671
671
671
671
671
671
671
671
671
734
734
734
734
734
734
734
734
734
734
256
256
256
256
256
256
256
256
256
717
717
717
717
717
717
717
717
717
717
717
717
717
717
663
663
663
663
663
663
663
663
663
663
663
663
663
663
663
663
663
663
663
663
663
663
663
663
663
663
663
663
663
663
663
663
663
620
620
620
620
620
620
637
637
637
637
637
637
637
637
637
637
637
637
637
637
637
637
637
637
637
637
637
637
637
637
637
637
637
637
637
637
637
637
637
531
531
531
531
531
531
531
531
531
531
531
531
531
531
531
531
531
268
268
268
268
268
268
268
268
268
268
268
268
268
268
268
268
268
268
268
268
268
268
268
-1
-1
-1
-1
-1
-1
-1
-1
-1
-1
-1
-1
-1
-1
-1
505
505
505
505
505
505
505
505
505
618
618
618
618
618
618
618
618
618
618
618
595
595
595
595
595
595
361
361
361
361
361
361
361
361
-1
-1
-1
-1
-1
-1
-1
-1
619
619
619
619
619
484
484
484
484
484
73
73
73
73
73
73
73
35
35
35
35
35
35
35
35
35
35
-1
-1
524
524
524
524
524
524
524
524
524
567
567
567
567
567
567
341
341
341
341
341
341
341
358
358
358
358
358
358
358
358
358
358
563
563
563
563
563
563
563
563
563
563
563
208
208
208
208
208
208
208
208
208
208
596
596
596
596
596
596
596
596
596
628
628
628
628
628
628
628
628
628
628
628
628
628
628
588
588
588
588
588
588
588
588
588
588
479
479
479
479
479
479
479
479
479
479
39
39
39
39
39
50
50
50
50
50
50
50
50
50
50
50
50
50
50
50
-1
-1
-1
-1
-1
-1
-1
-1
-1
26
26
26
26
26
-1
-1
-1
-1
183
183
183
183
183
183
183
183
183
-1
457
457
457
457
457
457
457
-1
-1
-1
-1
-1
-1
-1
-1
-1
-1
-1
15
15
15
15
15
15
15
20
20
20
20
20
20
-1
-1
-1
-1
-1
-1
-1
-1
-1
-1
-1
-1
310
310
310
310
310
310
310
310
486
486
486
486
486
486
49
49
49
49
49
34
34
34
34
34
34
34
-1
-1
-1
-1
-1
72
72
72
72
72
72
72
72
72
72
72
729
729
729
729
729
729
729
729
729
633
633
633
633
633
633
633
633
633
441
441
441
441
441
441
573
573
573
573
573
573
573
573
573
573
0
0
0
0
0
0
0
0
0
349
349
349
349
349
371
371
371
371
371
371
371
371
622
622
622
622
622
622
-1
-1
-1
-1
638
638
638
638
638
-1
-1
-1
-1
-1
-1
732
732
732
732
732
732
732
732
732
732
732
732
732
732
732
732
732
732
732
732
732
732
732
732
732
732
732
732
732
732
732
732
732
732
-1
-1
-1
-1
-1
-1
-1
-1
-1
-1
-1
-1
-1
-1
-1
-1
-1
19
19
19
19
19
19
19
19
19
19
93
93
93
93
93
93
93
93
93
93
80
80
80
80
80
80
80
80
80
80
80
80
80
718
718
718
718
718
718
718
718
718
718
718
718
718
718
718
718
718
718
718
718
718
718
718
519
519
519
519
519
519
-1
519
519
519
519
519
519
519
519
-1
-1
161
161
161
161
161
161
161
-1
-1
-1
-1
516
516
516
516
516
516
-1
-1
-1
-1
121
121
121
121
121
121
-1
-1
-1
579
579
579
579
579
579
579
579
579
579
579
579
579
579
579
658
658
658
658
658
658
658
658
658
658
658
658
658
658
658
658
658
658
-1
-1
-1
-1
728
728
728
728
728
703
703
703
703
703
703
703
679
679
679
679
679
679
679
733
733
733
733
733
674
674
674
674
674
-1
-1
674
674
-1
-1
-1
-1
-1
-1
-1
-1
-1
-1
-1
-1
-1
-1
-1
-1
-1
-1
-1
-1
-1
-1
-1
-1
-1
-1
-1
-1
-1
-1
-1
-1
-1
-1
-1
-1
-1
-1
-1
-1
-1
-1
-1
669
669
669
669
669
669
669
669
669
669
669
669
669
669
669
724
724
724
