753
753
753
-1
-1
666
666
666
666
666
666
666
666
666
666
666
666
666
666
666
666
666
666
735
735
735
735
735
735
735
735
735
735
735
735
735
735
735
735
735
987
987
987
987
987
987
987
987
987
987
987
987
987
987
987
987
987
987
987
987
987
987
987
839
839
839
839
839
839
839
839
839
839
839
839
839
839
839
839
839
839
919
919
919
919
919
919
919
919
919
919
919
919
821
821
821
821
821
821
821
821
821
821
821
821
821
821
821
821
821
821
821
821
821
821
777
777
777
777
777
777
777
777
777
777
777
777
777
777
777
777
777
889
889
889
889
889
889
889
889
889
889
889
889
889
889
889
889
889
889
889
889
889
889
889
889
889
889
889
889
531
889
531
531
531
531
531
531
531
531
531
531
531
531
531
531
531
531
531
531
531
531
531
531
531
531
531
531
998
998
998
998
998
-1
-1
-1
-1
-1
-1
-1
-1
-1
-1
-1
595
595
595
595
595
595
595
595
595
595
595
595
879
879
879
879
879
879
879
879
879
879
864
864
864
864
864
864
864
864
864
864
864
-1
-1
-1
-1
-1
-1
-1
-1
794
794
794
794
794
794
794
794
484
484
484
484
484
484
484
484
484
484
484
35
35
35
35
35
35
35
35
35
35
-1
-1
899
899
899
899
899
899
899
899
915
915
915
915
915
915
915
915
915
915
915
915
893
893
893
893
893
893
893
893
893
999
999
999
999
999
999
999
999
999
999
999
910
910
910
910
910
910
910
910
910
910
910
910
910
791
791
791
791
791
791
791
791
791
791
791
791
914
914
914
914
914
914
914
914
914
914
914
914
914
914
914
914
914
914
914
928
928
928
928
928
928
928
928
928
928
928
928
930
930
930
930
930
930
326
326
326
326
326
326
326
326
326
326
326
326
326
326
326
-1
-1
-1
-1
-1
-1
-1
-1
-1
954
-1
954
954
954
954
954
-1
-1
-1
-1
944
944
944
944
944
944
944
637
637
637
637
637
944
637
637
637
637
637
637
637
-1
-1
-1
-1
-1
-1
967
967
967
967
967
967
967
967
967
967
-1
-1
-1
972
972
972
972
972
972
-1
-1
-1
-1
-1
-1
-1
-1
-1
-1
962
962
962
962
962
962
962
962
962
852
852
852
852
852
875
875
875
875
875
875
486
486
486
486
486
486
486
486
-1
-1
-1
-1
927
927
927
927
927
927
927
927
927
927
927
927
927
927
927
927
927
927
927
927
929
929
929
929
929
929
929
929
929
929
929
929
929
929
929
959
959
959
959
959
959
959
959
959
959
764
764
764
764
764
764
764
968
968
968
968
968
968
968
968
968
968
622
622
622
622
622
622
622
903
903
903
903
903
903
903
903
827
827
827
827
827
939
939
939
939
939
939
939
939
725
725
725
725
725
742
742
742
742
742
-1
-1
-1
-1
-1
-1
-1
-1
668
668
668
668
668
-1
-1
-1
-1
-1
-1
-1
-1
-1
-1
-1
-1
-1
-1
-1
-1
-1
-1
-1
-1
-1
-1
-1
-1
-1
-1
-1
-1
-1
-1
19
19
19
19
19
19
19
19
19
19
19
19
19
19
19
19
19
805
805
805
805
805
805
805
805
805
805
805
805
93
93
93
93
93
93
93
93
93
93
93
93
-1
-1
-1
849
849
849
849
849
849
-1
-1
-1
-1
-1
-1
-1
-1
-1
-1
-1
-1
-1
-1
161
161
-1
-1
161
161
161
161
-1
-1
-1
863
863
863
863
863
863
-1
-1
-1
-1
986
986
986
986
986
986
986
986
986
986
986
789
789
789
789
789
789
803
803
803
803
803
803
803
803
803
803
803
-1
924
924
-1
924
924
924
924
924
-1
-1
-1
-1
-1
-1
-1
-1
-1
-1
-1
765
765
765
765
765
765
765
765
765
674
674
674
674
674
674
674
674
674
674
811
811
674
674
674
811
811
811
811
-1
-1
-1
-1
-1
-1
-1
-1
-1
-1
-1
-1
-1
-1
-1
-1
-1
-1
-1
-1
-1
-1
-1
-1
-1
-1
-1
-1
-1
-1
-1
-1
-1
-1
-1
-1
-1
-1
-1
-1
-1
-1
-1
-1
753
-1
-1
-1
753
753
753
753
753
753
753
753
