-1
-1
-1
-1
-1
666
666
666
666
666
666
666
666
666
666
666
666
666
666
666
735
735
735
735
735
735
735
735
735
735
735
735
735
735
735
735
735
734
734
734
734
734
734
734
734
734
734
734
734
256
256
256
256
256
256
256
256
256
256
256
256
256
256
256
256
717
717
717
717
717
717
717
717
717
717
717
717
717
717
717
717
778
778
778
778
778
778
778
663
663
663
663
663
663
663
663
663
663
663
663
663
663
663
663
663
663
663
663
663
663
663
663
663
663
663
663
743
743
743
743
743
743
743
743
743
743
743
743
743
743
743
743
777
777
777
777
777
777
777
777
777
777
777
637
637
637
637
637
637
637
637
637
637
637
637
637
637
637
637
637
637
637
637
637
637
637
637
637
637
637
637
637
637
637
531
531
531
531
531
531
531
531
531
531
531
531
268
268
268
268
268
-1
-1
-1
-1
-1
-1
-1
-1
-1
-1
-1
-1
-1
505
505
505
505
505
505
505
505
505
737
737
737
737
737
737
737
595
595
595
595
595
595
595
361
361
361
361
361
361
361
361
361
361
-1
-1
-1
-1
-1
-1
-1
619
619
619
619
619
619
619
-1
-1
-1
-1
73
73
73
73
73
73
73
73
73
35
35
35
35
35
35
35
35
35
35
-1
-1
524
524
524
524
524
524
524
567
567
567
567
567
567
567
567
358
358
358
358
358
358
358
358
358
341
341
341
341
341
341
563
563
563
563
563
563
563
563
563
563
563
563
563
208
208
208
208
208
208
208
208
208
208
596
596
596
596
596
596
596
596
596
596
596
596
596
596
596
741
741
741
741
741
741
741
741
741
741
741
741
741
741
741
741
628
628
628
628
628
628
628
628
628
628
628
628
39
39
39
39
39
326
326
326
326
326
326
326
326
50
50
50
50
50
50
50
-1
-1
-1
-1
-1
-1
-1
-1
-1
-1
26
-1
26
26
26
26
26
-1
-1
-1
-1
183
183
183
183
183
-1
-1
-1
-1
-1
-1
-1
457
457
457
457
457
-1
-1
-1
-1
-1
-1
-1
-1
-1
-1
-1
-1
15
15
15
15
15
751
751
751
751
751
751
751
751
770
770
770
770
770
770
770
-1
-1
-1
-1
-1
-1
417
417
417
417
417
417
417
417
486
486
486
486
486
49
49
49
49
49
49
34
34
34
34
34
34
34
-1
-1
-1
-1
-1
72
72
72
72
72
72
72
72
72
72
72
72
729
729
729
729
729
729
729
729
573
573
573
573
573
573
573
573
707
707
707
707
707
707
707
707
707
707
653
653
653
653
653
653
653
86
86
86
86
86
86
86
86
86
86
86
86
86
86
86
86
86
86
86
744
744
744
744
744
744
744
775
775
775
775
775
92
92
92
92
92
768
768
768
768
768
768
768
-1
-1
-1
-1
-1
-1
-1
-1
-1
-1
-1
-1
-1
-1
-1
-1
-1
-1
-1
-1
-1
-1
-1
-1
-1
-1
-1
-1
-1
-1
-1
-1
-1
-1
-1
-1
-1
-1
-1
-1
-1
-1
-1
-1
-1
-1
658
658
658
658
658
658
658
658
658
658
658
658
658
658
658
658
658
658
658
658
658
658
658
658
658
658
658
658
658
658
658
658
658
658
80
80
80
80
80
80
80
80
80
80
80
80
80
80
-1
-1
749
749
749
749
749
749
749
749
749
749
749
749
749
749
749
749
749
749
749
749
749
749
749
749
749
749
-1
161
161
161
161
161
161
-1
-1
-1
-1
516
516
516
516
516
-1
-1
-1
-1
-1
-1
-1
108
108
108
108
108
669
669
669
669
669
669
669
669
669
669
669
669
669
669
669
669
669
669
669
669
669
669
669
669
669
669
669
669
766
766
766
766
766
728
728
728
728
728
-1
-1
-1
-1
745
745
745
745
745
-1
-1
757
757
757
757
757
757
757
765
765
765
765
765
765
765
765
765
736
736
736
736
736
736
736
-1
697
697
697
697
697
697
697
697
697
697
697
697
697
697
697
697
697
697
697
697
697
697
697
776
776
776
776
776
776
776
776
776
776
-1
-1
-1
-1
-1
-1
-1
-1
-1
-1
-1
-1
-1
-1
-1
753
-1
-1
-1
-1
753
753
753
753
753
753
753
