665
665
665
665
-1
666
669
669
669
669
669
669
669
669
669
669
669
669
666
666
666
666
666
666
666
666
666
669
697
697
697
697
697
697
697
697
697
697
697
671
671
671
671
671
671
671
671
671
671
256
256
256
256
256
256
256
256
256
256
256
256
256
256
663
663
663
663
663
663
663
663
663
663
663
663
663
663
663
663
663
663
663
663
663
663
663
663
663
663
663
663
663
620
620
620
620
620
620
620
620
620
620
620
620
620
620
620
620
637
637
637
637
637
637
637
637
637
637
637
637
637
637
637
637
637
637
637
637
637
637
637
637
637
637
637
637
637
637
637
637
637
531
531
531
531
531
531
531
531
531
531
531
531
531
531
531
531
531
531
531
531
531
531
268
268
268
268
268
268
268
268
268
268
268
268
268
268
268
268
268
268
268
268
268
268
268
268
268
268
-1
-1
-1
-1
-1
-1
-1
-1
-1
-1
-1
-1
-1
-1
505
505
505
505
505
505
505
505
618
618
618
618
618
618
618
618
618
595
595
595
595
595
595
595
361
361
361
361
361
361
361
361
361
-1
-1
-1
643
643
643
643
643
484
484
484
484
484
73
73
73
73
73
73
73
73
73
73
73
73
35
35
35
35
35
35
35
35
35
35
-1
-1
524
524
524
524
524
524
567
567
567
567
567
567
567
567
567
358
358
358
358
358
358
358
358
358
358
358
358
358
326
326
326
326
326
326
326
326
326
326
208
208
208
208
208
208
208
208
208
208
208
208
208
208
208
596
596
596
596
596
596
596
596
596
596
596
596
596
596
596
588
588
588
588
588
588
588
588
588
588
588
588
588
588
588
588
588
588
479
479
479
479
479
479
479
479
479
479
479
39
39
39
39
39
50
50
50
50
50
50
50
50
50
50
50
50
50
50
50
-1
-1
-1
-1
-1
-1
-1
-1
26
-1
-1
26
26
26
26
26
-1
-1
-1
-1
183
183
183
183
183
183
-1
-1
183
-1
457
457
457
457
457
-1
-1
-1
-1
-1
-1
-1
-1
-1
15
15
15
15
15
15
15
20
20
20
20
20
20
603
-1
-1
-1
-1
603
603
603
603
-1
-1
-1
-1
310
310
310
310
310
310
310
310
310
310
310
310
310
49
49
49
49
49
49
34
34
34
34
34
34
34
-1
-1
-1
-1
-1
72
72
72
72
72
72
72
72
72
72
72
72
72
72
72
72
72
72
72
72
633
633
633
633
633
633
633
633
633
633
633
633
633
633
633
573
573
573
573
573
573
573
573
573
573
0
0
0
0
0
0
0
0
0
0
0
0
0
0
0
371
371
371
371
371
371
371
371
371
371
92
92
92
92
92
92
92
638
638
638
638
638
638
-1
-1
-1
-1
88
88
88
88
88
88
88
88
88
-1
-1
-1
-1
-1
-1
86
86
86
86
86
86
86
86
-1
-1
-1
-1
-1
-1
-1
-1
-1
-1
-1
-1
-1
-1
-1
-1
-1
-1
-1
-1
-1
-1
-1
-1
-1
-1
-1
-1
-1
-1
-1
-1
19
19
19
19
19
19
19
19
19
19
19
19
19
19
19
19
19
93
93
93
93
93
93
93
93
93
93
93
93
80
80
80
80
80
80
80
80
80
80
80
80
-1
-1
-1
130
130
130
130
130
130
-1
-1
-1
130
519
519
519
519
519
519
519
-1
519
519
519
519
519
519
-1
-1
161
161
161
161
161
161
-1
-1
-1
516
516
516
516
516
516
-1
-1
-1
-1
108
108
108
108
108
108
121
121
121
121
121
579
579
579
579
579
579
579
579
579
579
579
579
579
579
579
579
658
658
658
658
658
658
658
658
658
658
658
-1
-1
-1
-1
-1
-1
703
703
703
703
703
703
-1
660
660
660
660
660
660
657
657
657
657
657
657
657
657
657
657
657
707
707
707
707
707
707
707
707
707
707
707
707
707
707
691
691
691
691
691
691
691
691
691
-1
-1
-1
-1
-1
-1
-1
-1
-1
-1
-1
-1
-1
-1
-1
-1
-1
-1
-1
-1
-1
-1
-1
-1
-1
698
698
698
698
698
-1
-1
-1
-1
-1
-1
-1
665
-1
-1
-1
665
665
665
665
665
665
665
665
