724
724
724
724
-1
666
666
666
666
666
666
666
666
666
666
666
666
666
666
735
735
735
735
735
735
735
735
735
735
735
735
671
671
671
671
671
671
671
671
671
671
671
671
734
734
734
734
734
734
734
734
256
256
256
256
256
256
256
256
256
256
256
256
256
717
717
717
717
717
717
717
717
717
717
717
717
717
717
717
717
717
663
663
663
663
663
663
663
663
663
663
663
663
663
663
663
663
663
663
663
663
663
663
663
663
663
663
663
663
663
663
663
663
663
663
663
743
743
743
743
743
743
743
743
743
743
743
743
743
743
743
743
743
743
743
743
743
743
743
743
743
743
743
637
637
637
637
637
637
637
637
637
637
637
637
637
637
637
637
637
637
637
637
637
637
637
637
637
637
637
637
637
637
637
637
531
531
531
531
531
531
531
531
531
531
531
-1
-1
-1
-1
-1
-1
-1
-1
-1
-1
-1
-1
-1
-1
-1
-1
-1
-1
505
505
505
505
505
505
505
505
505
505
505
737
737
737
737
737
737
737
737
618
618
618
618
618
618
361
361
361
361
361
361
361
361
-1
-1
-1
-1
-1
-1
-1
-1
619
619
619
619
619
619
619
484
484
484
484
484
73
73
73
73
73
73
73
35
35
35
35
35
35
35
35
35
35
-1
-1
524
524
524
524
524
524
524
524
524
774
774
774
774
774
774
774
774
774
341
341
341
341
341
341
341
341
341
341
341
341
341
341
563
563
563
563
563
563
563
563
563
563
563
208
208
208
208
208
208
208
208
208
208
596
596
596
596
596
596
596
596
596
596
596
741
741
741
741
741
741
741
741
741
741
741
741
741
741
741
741
741
628
628
628
628
628
628
628
628
628
628
628
628
628
628
628
39
39
39
39
39
326
326
326
326
326
326
326
326
50
50
50
50
50
50
50
-1
-1
-1
-1
-1
-1
-1
-1
-1
-1
-1
26
26
26
26
26
-1
-1
-1
-1
-1
-1
-1
-1
739
739
739
739
739
739
-1
457
457
457
457
457
-1
-1
-1
-1
-1
-1
-1
-1
-1
-1
-1
-1
-1
-1
-1
751
751
751
751
751
751
751
751
-1
-1
-1
-1
-1
-1
-1
-1
-1
-1
-1
-1
-1
-1
417
417
417
417
417
486
486
486
486
486
486
486
486
486
49
49
49
49
49
34
34
34
34
34
34
34
-1
-1
-1
-1
-1
72
72
72
72
72
72
72
72
72
72
72
729
729
729
729
729
729
729
729
729
573
573
573
573
573
573
573
707
707
707
707
707
707
707
707
707
707
707
707
653
653
653
653
653
653
349
349
349
349
349
349
349
349
349
349
349
349
349
622
622
622
622
622
622
0
0
0
0
0
-1
-1
-1
-1
-1
-1
-1
-1
-1
-1
768
768
768
768
768
638
638
638
638
638
-1
-1
-1
-1
-1
-1
-1
-1
-1
-1
-1
-1
-1
-1
-1
-1
-1
-1
-1
-1
-1
-1
-1
-1
-1
-1
-1
-1
-1
-1
-1
-1
-1
-1
-1
-1
-1
658
658
658
658
658
658
658
658
658
658
658
658
658
658
658
658
658
658
658
658
658
658
658
658
658
658
658
658
658
658
658
658
19
19
19
19
19
19
19
93
93
93
93
93
93
93
93
93
93
93
93
93
93
93
93
749
749
749
749
749
749
749
749
749
749
749
749
749
749
749
749
749
749
749
749
749
749
749
749
749
749
749
749
749
749
749
161
-1
-1
-1
161
161
161
161
161
161
161
-1
-1
-1
516
516
516
516
516
-1
-1
-1
-1
-1
-1
-1
-1
-1
-1
669
669
669
669
669
669
669
669
669
669
669
669
669
669
669
669
669
669
669
669
669
669
669
669
669
669
669
669
669
766
766
766
766
766
-1
-1
-1
-1
728
728
728
728
728
-1
-1
-1
-1
-1
-1
-1
-1
-1
-1
-1
-1
-1
-1
765
765
765
765
765
765
765
765
697
697
697
697
697
697
697
697
697
697
697
697
697
697
697
697
697
697
697
697
697
697
697
-1
-1
-1
-1
-1
-1
-1
-1
-1
776
776
776
776
776
776
776
776
776
776
-1
-1
-1
-1
-1
-1
-1
-1
-1
-1
-1
-1
-1
-1
-1
-1
-1
-1
-1
-1
724
724
724
724
724
724
724
