724
724
724
724
-1
666
666
666
666
666
666
666
666
666
666
666
666
666
666
735
735
735
735
735
735
735
735
735
735
735
735
735
735
735
734
734
734
734
734
734
734
734
734
734
734
734
734
734
734
734
734
734
256
256
256
256
256
256
256
256
256
256
256
256
256
717
717
717
717
717
717
717
717
717
717
717
717
717
717
663
663
663
663
663
663
663
663
663
663
663
663
663
663
663
663
663
663
663
663
663
663
663
663
663
663
663
663
663
663
663
663
663
663
663
-1
743
743
743
743
743
743
743
743
743
743
743
743
743
743
743
743
743
743
743
743
743
743
743
743
637
637
637
637
637
637
637
637
637
637
637
637
637
637
637
637
637
637
637
637
637
637
637
637
637
637
637
637
637
637
637
637
531
531
531
531
531
531
531
531
531
531
531
531
531
531
531
531
-1
-1
-1
-1
-1
-1
-1
-1
-1
-1
-1
-1
-1
-1
-1
-1
-1
505
505
505
505
505
505
505
737
737
737
737
737
737
737
737
595
595
595
595
595
595
595
595
595
595
595
595
361
361
361
361
361
361
-1
-1
-1
747
747
747
747
747
747
619
619
619
619
619
484
484
484
484
484
73
73
73
73
73
73
73
35
35
35
35
35
35
35
35
35
35
-1
-1
524
524
524
524
524
524
524
524
524
524
567
567
567
567
567
567
358
358
358
358
358
358
358
358
358
358
341
341
341
341
341
341
341
563
563
563
563
563
563
563
563
563
563
208
208
208
208
208
208
208
208
208
208
596
596
596
596
596
596
596
596
741
741
741
741
741
741
741
741
741
741
741
741
588
588
588
588
588
588
588
588
588
588
479
479
479
479
479
479
479
479
479
479
479
479
479
39
39
39
39
39
326
326
326
326
326
326
326
326
326
326
326
326
326
326
326
-1
-1
-1
-1
-1
-1
-1
-1
-1
-1
-1
26
26
26
26
26
26
-1
-1
-1
183
183
183
183
183
183
183
-1
457
-1
457
-1
457
457
457
457
457
-1
-1
-1
-1
-1
-1
-1
-1
-1
-1
-1
-1
15
15
15
15
15
15
15
20
20
20
20
20
20
-1
-1
-1
-1
-1
-1
-1
-1
-1
-1
310
310
310
310
310
310
486
486
486
486
486
486
486
486
751
751
751
751
751
751
751
751
751
751
751
751
751
-1
-1
732
732
732
732
732
732
732
732
732
732
732
732
732
732
732
732
732
732
732
732
732
732
732
573
573
573
573
573
573
573
573
573
573
573
441
441
441
441
441
653
653
653
653
653
653
653
653
653
349
349
349
349
349
349
349
349
349
349
349
349
349
0
0
0
0
0
0
0
0
744
744
744
744
744
744
86
86
86
86
86
86
86
86
86
88
88
88
88
88
88
88
-1
-1
-1
-1
-1
-1
-1
-1
-1
-1
-1
-1
-1
-1
-1
-1
-1
-1
-1
-1
-1
-1
-1
-1
-1
-1
-1
-1
-1
-1
-1
-1
-1
-1
-1
-1
-1
-1
-1
-1
-1
-1
-1
-1
-1
-1
-1
-1
-1
-1
-1
-1
-1
-1
19
19
19
19
19
19
19
19
19
19
19
19
19
19
19
19
19
93
93
93
93
93
93
93
93
93
93
93
93
93
80
80
80
80
80
80
80
80
80
80
80
-1
-1
-1
130
130
130
130
130
130
-1
-1
-1
519
519
519
519
519
519
-1
519
519
519
519
519
519
-1
-1
749
749
749
749
749
749
749
749
749
749
749
749
749
749
749
749
749
749
749
749
749
749
749
749
749
749
749
749
749
108
108
108
108
108
108
-1
658
658
658
658
658
658
658
658
658
658
658
658
658
658
658
658
658
658
658
658
658
658
658
-1
-1
-1
-1
-1
-1
745
745
745
745
745
-1
745
757
757
757
757
757
757
757
757
757
733
733
733
733
733
733
733
736
736
736
736
736
736
736
736
736
-1
-1
-1
-1
-1
-1
-1
-1
-1
-1
697
697
697
697
697
697
697
697
697
697
697
697
697
697
697
697
697
697
697
697
697
697
697
697
-1
-1
-1
-1
-1
-1
-1
-1
-1
-1
-1
-1
-1
-1
-1
-1
-1
-1
724
724
724
724
724
724
724
