-1
-1
-1
-1
-1
170
170
170
170
170
170
170
170
170
170
173
173
173
173
173
173
173
173
173
173
173
173
173
-1
144
144
144
144
144
144
144
144
144
144
144
144
150
150
150
150
150
150
150
150
150
150
150
150
150
150
2
2
2
2
2
-1
-1
-1
-1
-1
-1
21
21
21
21
21
21
21
21
21
21
21
21
21
21
21
21
21
21
21
21
21
21
21
21
21
21
21
21
151
151
151
151
151
151
151
151
151
151
151
151
151
151
151
151
151
151
174
174
174
174
174
174
174
174
168
168
168
168
168
168
168
168
168
168
168
168
168
168
168
168
168
168
168
168
168
168
168
168
-1
4
4
4
4
4
4
4
4
4
4
4
4
4
4
4
4
4
4
4
4
4
4
4
4
4
4
4
4
4
4
4
4
4
4
4
4
4
4
4
4
4
-1
-1
-1
-1
-1
-1
-1
-1
-1
-1
-1
-1
-1
-1
-1
-1
-1
-1
-1
-1
-1
-1
-1
-1
-1
-1
-1
-1
-1
-1
-1
-1
-1
-1
-1
-1
-1
-1
-1
-1
-1
-1
-1
-1
-1
-1
-1
-1
-1
-1
-1
-1
-1
-1
-1
-1
-1
-1
-1
-1
-1
-1
-1
-1
-1
-1
-1
-1
-1
-1
-1
-1
-1
-1
-1
-1
-1
-1
-1
-1
-1
-1
-1
-1
-1
-1
-1
-1
-1
-1
-1
-1
-1
-1
-1
-1
-1
-1
-1
-1
-1
-1
-1
-1
-1
-1
-1
-1
-1
-1
-1
-1
-1
-1
-1
-1
-1
-1
-1
-1
-1
-1
-1
-1
-1
-1
158
158
158
158
158
-1
98
98
98
98
98
98
98
-1
-1
-1
-1
156
156
156
156
156
-1
-1
-1
-1
-1
-1
-1
-1
-1
-1
175
175
175
175
175
161
161
161
161
161
161
161
161
161
161
161
161
161
161
161
161
161
161
161
161
161
161
-1
-1
-1
-1
-1
-1
8
8
8
8
8
8
8
-1
9
9
9
9
9
9
9
-1
-1
-1
-1
-1
-1
-1
-1
-1
-1
-1
-1
-1
-1
-1
-1
-1
-1
-1
-1
-1
-1
-1
-1
-1
-1
-1
-1
-1
-1
-1
-1
-1
-1
-1
-1
-1
-1
-1
-1
-1
-1
-1
-1
-1
-1
-1
-1
-1
-1
-1
-1
-1
-1
-1
-1
-1
-1
-1
-1
-1
-1
-1
-1
-1
-1
-1
-1
-1
-1
-1
-1
-1
-1
-1
-1
-1
-1
-1
-1
-1
-1
-1
-1
-1
-1
-1
-1
-1
-1
-1
-1
-1
-1
-1
-1
-1
-1
-1
-1
-1
-1
-1
-1
-1
-1
-1
-1
-1
-1
-1
10
10
10
10
10
-1
-1
11
11
11
11
11
-1
-1
-1
-1
-1
-1
-1
-1
-1
-1
-1
-1
-1
-1
-1
-1
-1
-1
-1
-1
-1
-1
-1
-1
-1
-1
-1
-1
-1
-1
-1
-1
-1
-1
-1
-1
-1
-1
-1
-1
-1
-1
-1
-1
-1
-1
-1
-1
-1
-1
-1
-1
-1
-1
-1
-1
-1
-1
-1
-1
-1
-1
-1
-1
-1
-1
-1
-1
-1
12
12
12
12
12
12
12
12
-1
-1
-1
-1
-1
-1
-1
13
13
13
13
13
13
13
-1
-1
-1
-1
-1
-1
-1
-1
-1
-1
-1
-1
-1
-1
-1
-1
-1
-1
-1
-1
-1
-1
-1
-1
-1
-1
-1
-1
-1
-1
-1
-1
-1
-1
-1
14
14
14
14
14
14
14
14
14
14
14
14
14
14
14
14
-1
-1
-1
15
15
15
15
15
15
15
15
15
15
15
15
15
15
15
15
15
15
15
15
15
-1
-1
-1
-1
-1
-1
-1
-1
-1
-1
-1
-1
-1
16
16
16
16
16
16
-1
-1
163
163
163
163
163
-1
-1
-1
-1
-1
-1
-1
-1
-1
-1
-1
-1
-1
-1
-1
-1
-1
-1
-1
-1
-1
-1
-1
-1
-1
-1
-1
-1
-1
-1
-1
-1
176
176
176
176
176
176
176
176
176
176
176
176
-1
-1
-1
-1
-1
177
177
177
177
177
177
-1
-1
-1
-1
-1
-1
-1
-1
-1
-1
-1
-1
167
167
167
167
167
-1
-1
-1
-1
-1
-1
-1
-1
-1
-1
-1
-1
-1
-1
-1
172
172
172
172
172
172
172
172
172
172
172
172
172
172
-1
-1
-1
-1
-1
171
171
171
171
171
-1
-1
-1
-1
-1
-1
-1
-1
-1
-1
-1
-1
-1
-1
-1
-1
-1
-1
-1
-1
-1
-1
-1
-1
-1
-1
-1
-1
-1
-1
-1
-1
-1
-1
-1
-1
-1
-1
-1
-1
-1
-1
-1
-1
-1
-1
-1
-1
-1
-1
-1
